,x,y,In Circle
0,0.6872201601806468,0.21590836408084746,True
1,0.5899578169487744,0.2318412096676261,True
2,0.8788383163602503,0.1891416872405266,True
3,0.9368722497381035,0.1959379541190428,True
4,0.903758441334639,0.2640246559993151,True
5,0.28187108028853947,0.6164950680321195,True
6,0.345599366614485,0.8674371625113887,True
7,0.06803871406534034,0.01476833339432071,True
8,0.3538769675006588,0.2935482803223741,True
9,0.4796892518269621,0.8729345301486943,True
10,0.7616540562982071,0.5409186519570539,True
11,0.9861627403993467,0.7192643685025882,False
12,0.09699143803528398,0.5574594437610314,True
13,0.03595106974124318,0.5778119723356047,True
14,0.6393299438198214,0.07842480077050518,True
15,0.799136374846021,0.8468438509802616,False
16,0.11911693101554166,0.016328425911750988,True
17,0.7883751400573797,0.24108491773139062,True
18,0.6486209895995764,0.05960084475845262,True
19,0.5784072185374028,0.1345997597328995,True
20,0.12093798136862433,0.2844821111084459,True
21,0.37897448800515143,0.6938519903307013,True
22,0.3009195018701649,0.7160982193912052,True
23,0.10441841739129021,0.4708321389115866,True
24,0.44098744118539834,0.6120824989151674,True
25,0.9492212699719653,0.2666125087492567,True
26,0.12460345442893439,0.2859416507425113,True
27,0.10501260245604238,0.7730643221213853,True
28,0.6956118785037713,0.5686811555992298,True
29,0.13225266490761667,0.14477149351220686,True
30,0.04747706862050438,0.130474745089315,True
31,0.05592496394764912,0.6179510890147298,True
32,0.46091787521314653,0.15417002198265362,True
33,0.6712768948193342,0.23779948188819755,True
34,0.5691852296170379,0.31594896121073157,True
35,0.41066698268716983,0.2074508681731212,True
36,0.938431018015179,0.1888341043437649,True
37,0.3513430752533534,0.19010691634582333,True
38,0.3677965796853394,0.16860386995372245,True
39,0.9344133055464534,0.9417992866382349,False
40,0.6582998098542133,0.409400904870987,True
41,0.04241792420754176,0.27846247629185006,True
42,0.7362607306511474,0.4027358995072742,True
43,0.26400142922333536,0.8416013284593644,True
44,0.2906351642840337,0.19427788009590108,True
45,0.8420903229618181,0.1533454787953027,True
46,0.09268611767512236,0.30451142357504035,True
47,0.48659111944404143,0.19078486577188836,True
48,0.3446952396466241,0.8661784714629456,True
49,0.36342832673650505,0.538451378346513,True
50,0.3890602215724136,0.1586701257220865,True
51,0.538860945893652,0.6074226631666232,True
52,0.387706290490055,0.7102365392659943,True
53,0.9493993096213859,0.5547229659031988,False
54,0.17966417246220268,0.12431049696565966,True
55,0.37699824590107633,0.5090785908413834,True
56,0.05931740014324949,0.0010193641158571243,True
57,0.5047515433229907,0.9180372033878593,False
58,0.9769527983265052,0.04213111045362716,True
59,0.004321937714007129,0.19210828712771932,True
60,0.6517839960822669,0.3858851644764524,True
61,0.1646987957111723,0.33388203685678486,True
62,0.2744307676550425,0.4063703585819216,True
63,0.15393943405393795,0.544671301237022,True
64,0.27764845292072127,0.0032953469900700583,True
65,0.5401988630339116,0.5042778179074593,True
66,0.8624408661778226,0.1503266393547037,True
67,0.906096677028048,0.44546375331038945,False
68,0.2964983465575709,0.5786634337930467,True
69,0.14520159255215315,0.988087600767809,True
70,0.2152045804563052,0.6990700472673969,True
71,0.09422179678971154,0.4742325709698957,True
72,0.3809923284848513,0.8096556589494831,True
73,0.918999413526807,0.11837896130957093,True
74,0.4256866832895736,0.02332363244488167,True
75,0.693491805845438,0.8033033223260073,False
76,0.7845161237680052,0.10944509493295651,True
77,0.5825146394882945,0.5024674262860841,True
78,0.34566504960534716,0.21943072190293977,True
79,0.7182887883847731,0.7460088418067082,False
80,0.33910534288970906,0.6184014429840314,True
81,0.3806461371847689,0.9681578753356151,False
82,0.10307862822678071,0.2892231493912838,True
83,0.4048612528418776,0.6562866287042709,True
84,0.10932015560379094,0.5547504970726345,True
85,0.9627360999339933,0.29445260589831823,False
86,0.8602762279273006,0.1734343621261183,True
87,0.032412530783122895,0.725946538245513,True
88,0.4566052532763455,0.7579987162954587,True
89,0.45408930978559814,0.1256044476265067,True
90,0.3837622001643738,0.26703048005989927,True
91,0.7745938468329908,0.7455026952091476,False
92,0.19850934006536725,0.35137471601830317,True
93,0.46958795188761016,0.8625442824407052,True
94,0.8107402693345287,0.09409934890869343,True
95,0.08569094208142591,0.26840208275793775,True
96,0.8785551028176258,0.8528314966823793,False
97,0.7097690797056336,0.4832007270501609,True
98,0.8487918649562752,0.5276028116936043,True
99,0.8251716448552542,0.23775463561369126,True
100,0.24670832210720572,0.5393414700391803,True
101,0.6051987105875344,0.2910783617219369,True
102,0.7459794198636907,0.15198621958478065,True
103,0.7924525762735211,0.4869585397832512,True
104,0.5859567635692846,0.29140429612593755,True
105,0.5002786179677621,0.35113535127304296,True
106,0.058167887085476266,0.006338258880350667,True
107,0.05683427007541453,0.8221030378438813,True
108,0.8416303303103667,0.7081030201415758,False
109,0.7691319020064269,0.8431062449560293,False
110,0.5784062437836582,0.9989232196652832,False
111,0.9216245280738958,0.09168805862394513,True
112,0.8335511494157016,0.5505376738793655,True
113,0.5571643703253175,0.7315624569695173,True
114,0.8413599362976795,0.7258676595810146,False
115,0.5081665885653049,0.40199784285932627,True
116,0.037583075484603046,0.6415874477170581,True
117,0.8418140715798421,0.5595963248717105,False
118,0.7151482112783436,0.8044205251128551,False
119,0.4580311726682824,0.122229119406013,True
120,0.13431345820176255,0.1535612091495845,True
121,0.43300837858694663,0.7801214007068394,True
122,0.19704485014435535,0.6385052632032786,True
123,0.5896108406381783,0.8473629592822202,False
124,0.3568056606049044,0.18842169835621847,True
125,0.695506528819407,0.5583629340568391,True
126,0.6205606098928401,0.6600175461279184,True
127,0.38232370808448635,0.47124309813427145,True
128,0.6362997383279679,0.38017123138086995,True
129,0.5145091354705216,0.041310668513642845,True
130,0.13242543901683623,0.4391011470028411,True
131,0.680558233978229,0.16493480099870295,True
132,0.8407644826511202,0.7736639301780971,False
133,0.7847903407878398,0.5757399074313498,True
134,0.35407725452122585,0.0030607861087003085,True
135,0.893961783182117,0.9057904648877908,False
136,0.9519438104536737,0.5524884483336107,False
137,0.6937859080770683,0.7972630944907355,False
138,0.8781583752697494,0.7328781760669509,False
139,0.2692852756920945,0.1725706333098519,True
140,0.4122006260366008,0.684577339760777,True
141,0.3294695239135159,0.3015764933745997,True
142,0.627111901122252,0.7271013716998033,True
143,0.8191117200790554,0.2584089074652084,True
144,0.5802661023436482,0.7766090218346442,True
145,0.09073957095490348,0.7813985762066454,True
146,0.6949437043395312,0.3888017189394475,True
147,0.5283601766327782,0.4948730604449446,True
148,0.44719249264833016,0.5830742539123028,True
149,0.8854575565930358,0.8613419022689038,False
150,0.3916806810225876,0.9322416240726659,False
151,0.4763749487010194,0.06683155694738507,True
152,0.6419627212890776,0.17292814183359884,True
153,0.6332740278210602,0.20847797449731464,True
154,0.3971433639159968,0.36508592462244915,True
155,0.5713256178406334,0.5430020429401495,True
156,0.3544003359704414,0.3413995832442642,True
157,0.5461571610983404,0.987813316372982,False
158,0.6373426359365563,0.9296757449749165,False
159,0.38454027466961227,0.31613264432022015,True
160,0.7819148936368389,0.017549349330276853,True
161,0.2282418357744348,0.9146653960949095,True
162,0.37668132203470617,0.7700828740611435,True
163,0.14928003327237782,0.020121360989428738,True
164,0.5743853303465182,0.8410222434215955,False
165,0.4385910474646074,0.30288086633120637,True
166,0.9936812702336859,0.5421339324066176,False
167,0.06438829725049433,0.5562606543238034,True
168,0.1431112109540147,0.10283415828765008,True
169,0.5431211533021414,0.8148784972849126,True
170,0.13399243971594266,0.6797107855231669,True
171,0.31541181320679634,0.9053215342147909,True
172,0.3203411895032009,0.41560070781148106,True
173,0.6995108640856326,0.6780763587123572,True
174,0.3145208023700298,0.2976741124491138,True
175,0.7982261238305518,0.08110625674423533,True
176,0.3444763014643355,0.5470081859739642,True
177,0.7884614426753322,0.8678020045140176,False
178,0.7190130162928738,0.15779205484891923,True
179,0.19864181479368248,0.8460465605809192,True
180,0.11554309807554997,0.6634391970604764,True
181,0.11709524414703765,0.8570351203593145,True
182,0.2124251209790543,0.47148119345772344,True
183,0.14749821204854863,0.6329632654838087,True
184,0.7759011648133276,0.7846921991877027,False
185,0.05613330360409119,0.7646856176530358,True
186,0.904431330963231,0.5786096453781323,False
187,0.6577172099937596,0.2417167036384298,True
188,0.8114397435758878,0.4952789460254148,True
189,0.7831279454319504,0.6450649795765749,False
190,0.9775598207937652,0.3068278665312755,False
191,0.3517173396311145,0.5810526367552408,True
192,0.8543447399005355,0.024855445762923645,True
193,0.7307326864145807,0.27442882910559485,True
194,0.47197487529472026,0.5458262984734538,True
195,0.973206869606041,0.9282514294534764,False
196,0.12645065153908497,0.08418190695845451,True
197,0.39061416413190564,0.6007065441308417,True
198,0.3884366713989559,0.0736548635371912,True
199,0.4214058440635028,0.7788101085221265,True
200,0.02573549574262224,0.07164817271614965,True
201,0.7491917953923104,0.002644497017619485,True
202,0.151848066203515,0.575329349387047,True
203,0.6444099551413119,0.17928271435371146,True
204,0.38549034666929793,0.5536368626967504,True
205,0.5930287590520218,0.15021625537856587,True
206,0.08274067516952399,0.8413222183363791,True
207,0.05092496292749937,0.7701579562897036,True
208,0.1608476726746666,0.07984835483957908,True
209,0.11869741728334404,0.5494932490704247,True
210,0.2575138449157631,0.5512377770771096,True
211,0.8284677369417592,0.7253481436477583,False
212,0.12924994663965372,0.0270427406188799,True
213,0.7229350299919792,0.8803147813611473,False
214,0.4587909949627219,0.6988193569821307,True
215,0.6996319547591766,0.07752441709670643,True
216,0.19875904908056286,0.07034417445235008,True
217,0.24763403534929207,0.6943473800422835,True
218,0.017380873924789597,0.013260601833446128,True
219,0.015503038683330694,0.921384033455361,True
220,0.3693009310796972,0.40641637134828634,True
221,0.20726665264146438,0.6761731678952495,True
222,0.2445215136358725,0.5038144553711702,True
223,0.21574108146649063,0.5944977417761712,True
224,0.864015128648739,0.910162165568016,False
225,0.11854178778315905,0.6512671622274673,True
226,0.5506457491370156,0.3461671144366997,True
227,0.5757862080282566,0.8954897809464862,False
228,0.7066423176361631,0.10242894463968488,True
229,0.9817916368665436,0.6425624715144236,False
230,0.04211982414626869,0.27406668809559875,True
231,0.4012119503724615,0.7224723231549104,True
232,0.35204176870355,0.9462634756394034,False
233,0.3474580478119347,0.08713604480546389,True
234,0.05955851080247787,0.6051576193746597,True
235,0.1609316157334767,0.5249899003216222,True
236,0.8998389188835444,0.5093724998499654,False
237,0.06705208723822742,0.31008144380510727,True
238,0.9186178866594762,0.9991658505823874,False
239,0.17552966573697204,0.21656941161139254,True
240,0.5205246519474369,0.16058043926787224,True
241,0.8247383135629751,0.7776836610163514,False
242,0.5675557541941073,0.26427357077239544,True
243,0.6761338425099643,0.3218057824469085,True
244,0.7147283881089909,0.4431483642804531,True
245,0.9146182026262762,0.33495211663154834,True
246,0.516996555376373,0.29918483691767284,True
247,0.5613424794177342,0.13981963057117264,True
248,0.8212213263540443,0.4558314418790279,True
249,0.17962170578349523,0.6240675707379303,True
250,0.3262468093833386,0.29468020166899167,True
251,0.2379547460759912,0.07782709588254355,True
252,0.5128094657453526,0.2760391534239809,True
253,0.5230467375133648,0.4675107131169933,True
254,0.11965596570133818,0.4179565347638149,True
255,0.3899785922169412,0.6293834054289572,True
256,0.9504987501073903,0.9831837260011087,False
257,0.6435875835982017,0.3448108166252608,True
258,0.8672391222086171,0.5284427196765725,False
259,0.2330253852718167,0.8227084961325165,True
260,0.002780270229343018,0.5823751747984949,True
261,0.6855704531802528,0.08951930800373797,True
262,0.05237401751816517,0.5752756151921606,True
263,0.5558824745810005,0.7148218041358598,True
264,0.5873022061699504,0.4340819819719849,True
265,0.15747248223455568,0.25848709219386845,True
266,0.5952392565072675,0.6294168701288205,True
267,0.7087277978764377,0.49550672960739706,True
268,0.01119450836409075,0.11392701136816641,True
269,0.023870495208136666,0.083838688604287,True
270,0.25846523416203904,0.3861156798306281,True
271,0.15984291268970807,0.852538040887321,True
272,0.18483420404319018,0.813937290558118,True
273,0.937910630411908,0.8663428683185349,False
274,0.8365707290047384,0.43851494415738257,True
275,0.896169359993915,0.6195157374016184,False
276,0.8481081127117078,0.17509453205424286,True
277,0.8797864789648079,0.9589237785563275,False
278,0.20929296801995645,0.2663687402156588,True
279,0.06235146412355308,0.5433516798784055,True
280,0.14228956220622713,0.22480061736766888,True
281,0.8597328687007634,0.36544560861613307,True
282,0.6471883640725081,0.06879928978210825,True
283,0.8084952359813643,0.7381874398530627,False
284,0.5883350712815795,0.4126442477248544,True
285,0.8847890302812389,0.7789952116443507,False
286,0.3608063731932212,0.5327675064511411,True
287,0.133464554846231,0.4394361515576334,True
288,0.7681191330072695,0.729258320503574,False
289,0.6970114196543149,0.8951915237770731,False
290,0.6084614237166032,0.3863325376188821,True
291,0.89696120199483,0.48612036051573493,False
292,0.5990704164916071,0.7133459961544659,True
293,0.43516336665531963,0.15265643174132448,True
294,0.22232842114001916,0.9630791581861348,True
295,0.5230973296299312,0.758148867038861,True
296,0.9662486762698814,0.6051291843904817,False
297,0.4848811960509505,0.30434831478362145,True
298,0.42002621972989274,0.30297993687973057,True
299,0.6880882848664012,0.46891922686214194,True
300,0.8584909829217048,0.07045177329565111,True
301,0.43198955295921704,0.9143693891411787,False
302,0.24123233482855444,0.7680921395309185,True
303,0.6284188291144526,0.7105705343783217,True
304,0.8937147640449734,0.7252179259719661,False
305,0.6994977299632892,0.13337875951889178,True
306,0.20260430134914031,0.34217651369779445,True
307,0.43056260417737735,0.7808311862290774,True
308,0.8802012569535066,0.4419605429840413,True
309,0.7219467593677911,0.7851923418744676,False
310,0.16470594359473056,0.5688012979101065,True
311,0.3180728910735816,0.11453528221031006,True
312,0.7121284797358719,0.6994189976708605,True
313,0.36274314891077775,0.2394143249083155,True
314,0.5829416908307614,0.5675871884274072,True
315,0.5886380779837291,0.5980623704702681,True
316,0.34692095805864864,0.1614448548055235,True
317,0.45620655775243213,0.2595826197004417,True
318,0.7583036275398257,0.8081513977476243,False
319,0.4801562436337593,0.4591076203849842,True
320,0.4733639561111883,0.3650658653659854,True
321,0.13388080972826655,0.3246617790005456,True
322,0.14344270030067918,0.2849020296729774,True
323,0.2728942788490375,0.6088864993391593,True
324,0.6044183248029944,0.06104784384475115,True
325,0.31333668145649174,0.3332064116095005,True
326,0.6742013292230841,0.28659516825437503,True
327,0.05256454694147472,0.7312244938861989,True
328,0.9734327071358425,0.15088720115828258,True
329,0.18400395145523474,0.7524493653402298,True
330,0.9325451260455089,0.02018822134559395,True
331,0.28996013701871914,0.5279518648913034,True
332,0.33371410553700487,0.7135225018341376,True
333,0.4981995335749151,0.5662935038323549,True
334,0.8096502656765767,0.9389156996070224,False
335,0.5765160447042562,0.2386262713373709,True
336,0.037744172166289336,0.724932247753927,True
337,0.5741923916504916,0.1295818144357307,True
338,0.3110637210936279,0.4375655998298308,True
339,0.35296368669713607,0.8431177042155166,True
340,0.3198959971982689,0.9962194727992258,False
341,0.34457863657884946,0.183379281687567,True
342,0.22434442414165456,0.900767210853793,True
343,0.2609420082849463,0.6775623018769048,True
344,0.11790906591337691,0.12367113630169191,True
345,0.5838100514412492,0.43166757818723267,True
346,0.1762807993751746,0.9595959163177293,True
347,0.6432375333858382,0.9411929453197612,False
348,0.46757317857376324,0.20568604412581237,True
349,0.6110949350407935,0.5467688238257692,True
350,0.9942475505603511,0.8298932517158498,False
351,0.6780389656307848,0.3271476127998466,True
352,0.9938107285269524,0.7962728656546052,False
353,0.7939807262074876,0.09510797298413798,True
354,0.18741004403109696,0.10406746757663232,True
355,0.10666357645357749,0.9521328904562928,True
356,0.8225295652533339,0.1675423597629806,True
357,0.44076642569436275,0.5658184092687129,True
358,0.669438387935729,0.6966253446907382,True
359,0.19145636279025002,0.33769295931293186,True
360,0.06537037846209381,0.210370071518996,True
361,0.43644273812192313,0.5726843438147825,True
362,0.9898597093642526,0.4384446822140883,False
363,0.06241079806212413,0.18981394684169584,True
364,0.8721332874189366,0.39065317173803227,True
365,0.4858728156116524,0.07468900973252324,True
366,0.03135196762221093,0.2824180136756441,True
367,0.8579639659110452,0.5573725610524307,False
368,0.2291360526860421,0.37049714008472123,True
369,0.6264729131507797,0.6602892205054673,True
370,0.22680947364165815,0.26146732516192184,True
371,0.16383621689464845,0.5632541137463194,True
372,0.2445830679847245,0.24161954778558326,True
373,0.2650804839539449,0.3535545911575644,True
374,0.4300359308661512,0.040034453880304355,True
375,0.3376127144093415,0.7019031540478915,True
376,0.9073534567535262,0.8674748005244338,False
377,0.8248458865291511,0.8580912738477051,False
378,0.873483211828036,0.3657258398954458,True
379,0.6051052874694944,0.29102760646781733,True
380,0.043309116047372864,0.588895430049661,True
381,0.8674105533824243,0.2604417296060987,True
382,0.24331935682172656,0.9850778291090659,False
383,0.9710927550576818,0.924075692901021,False
384,0.2237672812407573,0.828065312818918,True
385,0.14402737306387403,0.15979364476527014,True
386,0.2602335592872065,0.3883355864172193,True
387,0.1078734963163962,0.3477514275959104,True
388,0.6439187440242736,0.5645561909484125,True
389,0.9777596654525007,0.5405623361281883,False
390,0.6125184506367158,0.06519141325902822,True
391,0.7873767123863875,0.7029996528443219,False
392,0.624216345175206,0.7447100879180163,True
393,0.868615315402422,0.6944908527832221,False
394,0.32133287188654924,0.8466473193856306,True
395,0.8464571715858802,0.34800985052938704,True
396,0.3700063284071291,0.9465091844366353,False
397,0.17088607110774467,0.7972007844686078,True
398,0.906004888640962,0.433459050057701,False
399,0.3184966975869733,0.5768176937348045,True
400,0.5511254597796114,0.6064808989086605,True
401,0.8001586313756055,0.4345856980945424,True
402,0.41813321343042564,0.4677611244610075,True
403,0.9279458815729307,0.592964967575852,False
404,0.7269022050544517,0.9770151480211571,False
405,0.24500547461606514,0.8402037954030085,True
406,0.8575567853279104,0.21888076871315143,True
407,0.7669226139199133,0.2557628083739403,True
408,0.9513454163871533,0.7953688080144414,False
409,0.6883875806422286,0.2321751587956421,True
410,0.255951898123988,0.02857805369289035,True
411,0.6985681367894936,0.3986476461880579,True
412,0.37091147834217764,0.8034371356665977,True
413,0.21601060290466567,0.11684540165374491,True
414,0.8033453647611949,0.364039062362457,True
415,0.267494466984845,0.11907872559103305,True
416,0.3451799533909886,0.4799583589816311,True
417,0.9248317733640458,0.702530495936698,False
418,0.640723881164096,0.7896798830426276,False
419,0.45464506256137716,0.07922854705635474,True
420,0.5199951799449407,0.4060746802272647,True
421,0.3284751557308413,0.7988017917526954,True
422,0.2830509104601423,0.017394156964603336,True
423,0.9871972220115954,0.6510818378089982,False
424,0.069214581520188,0.4762507573051017,True
425,0.5738963769193651,0.27390335733990345,True
426,0.2205341732140278,0.0024997672381116276,True
427,0.3040846085780624,0.9855404486434949,False
428,0.41981147903618454,0.206170230250727,True
429,0.5826494011835416,0.9017618463009325,False
430,0.13987064226588353,0.024301329885166423,True
431,0.19726012828848716,0.6159917762758198,True
432,0.26685935718001286,0.17225636295908597,True
433,0.29712225027387207,0.12482698532904457,True
434,0.8645472971787018,0.13075498472811198,True
435,0.5414306758082978,0.09850208147929818,True
436,0.7746820662917663,0.6531475415362095,False
437,0.8115412920752982,0.4853543080330298,True
438,0.8519000624653883,0.27727842748700526,True
439,0.3200739266469381,0.9852393291197108,False
440,0.5869350540340754,0.4438990684773334,True
441,0.6017141915452653,0.6972170797468823,True
442,0.46339230434506995,0.8115396594425026,True
443,0.25087728684611366,0.7605272424708206,True
444,0.6589353408660525,0.5782474560464983,True
445,0.11216454915420793,0.29980777982903883,True
446,0.2966092531207477,0.5405045070502709,True
447,0.2758905507446966,0.8906258037039496,True
448,0.9879989327230544,0.06739201120094529,True
449,0.08368573201107188,0.4657004740361277,True
450,0.6946877944290769,0.1455208877894495,True
451,0.24943793363605804,0.1926676551051102,True
452,0.3789543793514155,0.6204451103195308,True
453,0.3932133686431625,0.85816439330133,True
454,0.14693042890049868,0.5093398850361862,True
455,0.278208540469445,0.7583008690066712,True
456,0.16833854746685573,0.5541083707045615,True
457,0.5379827726122604,0.29573290642835204,True
458,0.15937081181258572,0.1642434041249985,True
459,0.32562858349880597,0.021645987258308907,True
460,0.18255207902778137,0.7957766691953346,True
461,0.827060315723633,0.712581095074508,False
462,0.11713521054330844,0.7346778673071169,True
463,0.187700345415733,0.27086961259835707,True
464,0.939363220731963,0.9646985915103002,False
465,0.31448666220170185,0.48205577574248815,True
466,0.28402712116376316,0.5566597102313278,True
467,0.39325920204792075,0.5640053440933922,True
468,0.9084118531254277,0.5052929712444496,False
469,0.8431446121923213,0.7716441367598971,False
470,0.024330141013775286,0.7004706705069087,True
471,0.29273449984815525,0.7593799055747075,True
472,0.24282203715180617,0.7557174161720458,True
473,0.6754403640614612,0.7656288358810763,False
474,0.7261607461432477,0.6323073382105338,True
475,0.34855974081804153,0.2082081194863199,True
476,0.46690696234734086,0.700668567913235,True
477,0.4051278578946419,0.36527185906752047,True
478,0.30317298793111136,0.32867732309818287,True
479,0.1365282569596039,0.9045693216213814,True
480,0.7357286731818276,0.9867234308989601,False
481,0.13865899209936472,0.9120265983841873,True
482,0.49481727905025796,0.5338093201157131,True
483,0.7519304026569201,0.9328382158709821,False
484,0.7931298341237876,0.31779235516312865,True
485,0.10922705567336544,0.3864754634316656,True
486,0.22408697222629703,0.5132720043097281,True
487,0.22379273720500492,0.8075059207912846,True
488,0.41646692306096655,0.3585068343666066,True
489,0.8044186652206867,0.28590513896484815,True
490,0.34895884316481873,0.21455933613545153,True
491,0.05736212061210122,0.5250506816578973,True
492,0.3552978309644077,0.39837905617605185,True
493,0.1479774402246682,0.19399230560824254,True
494,0.8270602979203611,0.1280809574256937,True
495,0.035134461965517616,0.8620327206759667,True
496,0.5736824064933288,0.4388593174750418,True
497,0.6723617470855731,0.8107174674388197,False
498,0.04930131750703792,0.3615003052093738,True
499,0.583046115539596,0.16926165791479042,True
500,0.34174326187211324,0.5242649759015598,True
501,0.9507413733303868,0.13464395036366938,True
502,0.6763355659819903,0.19298916634901842,True
503,0.8793748113714553,0.6587916102628338,False
504,0.030978357854661853,0.5623481203312902,True
505,0.9399978960085771,0.11545565976815053,True
506,0.11926936312040659,0.46455241123824575,True
507,0.42565712918857546,0.5806950792059984,True
508,0.41759810771515793,0.7479500438082783,True
509,0.9000394170030436,0.1969231927230718,True
510,0.6973082464605823,0.5183972942038376,True
511,0.18199803239042533,0.5876210993202682,True
512,0.830050684592259,0.7071486079999438,False
513,0.4063753592522187,0.36961292465815343,True
514,0.538479190810562,0.9024191044615454,False
515,0.9979174991588253,0.21439916827854055,False
516,0.61733422237514,0.7163546559461973,True
517,0.46183529829114744,0.9464061655979273,False
518,0.9671497897387663,0.39490514582258285,False
519,0.4721851401542503,0.9727903773413443,False
520,0.024193364336284273,0.4664076841882173,True
521,0.824589537110492,0.901435318939167,False
522,0.7428658401655738,0.84353338027954,False
523,0.5825897212577923,0.7380244164711788,True
524,0.8224014774098847,0.6431181011890416,False
525,0.5959465665795075,0.9064170110488876,False
526,0.4054286944283261,0.38347223730360513,True
527,0.45450886007404634,0.004219503243046541,True
528,0.9089228100853335,0.5677457769893176,False
529,0.7891334387733934,0.6029972445562519,True
530,0.022624544092498144,0.17038580794547242,True
531,0.296227487423228,0.747192099069164,True
532,0.5070593066216996,0.24099839463377104,True
533,0.03638634444086175,0.5688803552771301,True
534,0.6179277321252331,0.6922729561730658,True
535,0.17553835218825187,0.8738211965827101,True
536,0.3063408257286758,0.5091153225770702,True
537,0.6775579993159222,0.8841181951827378,False
538,0.8458734810377211,0.05936138610515507,True
539,0.21618750694885425,0.43082813086240923,True
540,0.7578556803029868,0.9121279452953825,False
541,0.26247562479110487,0.5475689958862476,True
542,0.3389899018507645,0.8117774288772832,True
543,0.6022958740817033,0.3807374521109981,True
544,0.48347977300609035,0.7447245801631388,True
545,0.22227407308087055,0.15261099372798204,True
546,0.3178433023783843,0.9834001281482477,False
547,0.5341412830139306,0.09575179330971384,True
548,0.5201031613815726,0.6783080035298819,True
549,0.306597742270902,0.9956986728872295,False
550,0.17773829639073835,0.390327592425913,True
551,0.9154864080728681,0.2141519214696762,True
552,0.3572427691884704,0.5973090943989746,True
553,0.8248103135337824,0.9727602351004073,False
554,0.886137022582794,0.7650983579376344,False
555,0.9738797133177906,0.8421919769520092,False
556,0.3824246930540458,0.049830130984480636,True
557,0.5499324795740336,0.7941690834342009,True
558,0.4253901308105812,0.3147475292381712,True
559,0.7140741835663426,0.014973874715655033,True
560,0.034476665904020765,0.03180653477372497,True
561,0.17947215425743235,0.39677594781151004,True
562,0.31111220617996926,0.7854376648541769,True
563,0.4695509281527397,0.45744800293687704,True
564,0.9582311270111626,0.5972069835336948,False
565,0.685689983135972,0.9790432278666252,False
566,0.854060117066648,0.20682339069724065,True
567,0.541738981216401,0.9936357703991359,False
568,0.021979997037545385,0.24203759134476355,True
569,0.8808668556246708,0.8275783174378989,False
570,0.5854997354623983,0.0641087780821682,True
571,0.4781773842775592,0.9471929139041805,False
572,0.8954755286722292,0.5297458631381219,False
573,0.558230374900236,0.5871972148392612,True
574,0.7209341594344054,0.6344612485833347,True
575,0.8663054698200573,0.3185395543580032,True
576,0.9487495785511283,0.7435280851272251,False
577,0.5931050424356935,0.13648930975192075,True
578,0.8028007322629718,0.20097325600006588,True
579,0.9919376997613274,0.9384851961014536,False
580,0.7253362523389854,0.40270630919716577,True
581,0.06437360598097508,0.6294201712359287,True
582,0.5525749161754704,0.19625354245922189,True
583,0.7475670440215866,0.05595725597646961,True
584,0.8839980291259069,0.14348342350900878,True
585,0.2184738454141124,0.6814997008268133,True
586,0.05473583402911464,0.021352367944947326,True
587,0.0057646955023333835,0.3267252738859717,True
588,0.6066471924766105,0.5072073023375893,True
589,0.7637429111022482,0.046839968429779666,True
590,0.8799143829044899,0.7622347298891119,False
591,0.5985672825247728,0.5714357322686622,True
592,0.31884730011416085,0.7145004042247883,True
593,0.9089654277604952,0.5202167683036774,False
594,0.8388969682177526,0.00371010583290432,True
595,0.7440331580303416,0.7252343295809296,False
596,0.38263989788852115,0.4786712656459111,True
597,0.1112389750078494,0.44662001854550304,True
598,0.40414373737715914,0.7038164804625031,True
599,0.004720485931540952,0.22060192614210716,True
600,0.6400837968177058,0.792556680426481,False
601,0.5490240253155708,0.9455537542902558,False
602,0.6246030661314748,0.9676829376547208,False
603,0.946916531159892,0.5001702276279364,False
604,0.06068145796984614,0.46732526471403313,True
605,0.5078475698308248,0.4292919605084058,True
606,0.08035919657743429,0.7395074030270666,True
607,0.4350593162483426,0.8607792791056474,True
608,0.8022490385907768,0.8476091926452435,False
609,0.606281325851617,0.18935162932874827,True
610,0.4621696233997312,0.12847745983820247,True
611,0.3860551244228847,0.7713164288152666,True
612,0.817758962367215,0.8763894218906932,False
613,0.2457433339491869,0.4708510256383197,True
614,0.5962357884589397,0.828468592765401,False
615,0.03999566503201191,0.18789496749275214,True
616,0.530920297593821,0.028599976747150202,True
617,0.9262708479229415,0.5413244636376792,False
618,0.6006083723235178,0.8081539194282138,False
619,0.5412093605146492,0.9128353736144305,False
620,0.3680946815117384,0.3230150934633431,True
621,0.25526399687455803,0.2837944334378619,True
622,0.49783070583220723,0.7355969103089051,True
623,0.9503328648695422,0.07673638800467164,True
624,0.893974094092838,0.7708696997679275,False
625,0.26185441349618077,0.5487470417481064,True
626,0.024115298346537917,0.9516704859512269,True
627,0.7661386039376328,0.10723246736656578,True
628,0.8054434481351738,0.9414914923025506,False
629,0.6634249913770907,0.06980131951361013,True
630,0.7802471367040095,0.07939889720398607,True
631,0.5259674416230039,0.9183473330950038,False
632,0.3119015261104481,0.8735038800971217,True
633,0.75625630117072,0.9426377814877382,False
634,0.25255959928035954,0.053570675830023284,True
635,0.02063601800257242,0.9493127178100591,True
636,0.07597508914887496,0.3204303133435783,True
637,0.03636620874394225,0.7059815605011348,True
638,0.796638751767953,0.5842518230546137,True
639,0.15741562545226306,0.12386243021776033,True
640,0.9882581984934417,0.12509818483802038,True
641,0.8428526224203287,0.03636295660767208,True
642,0.4526324791697416,0.35403982426228264,True
643,0.22092354048782614,0.057664326577276714,True
644,0.39666185115980623,0.9972443642397236,False
645,0.21983589825241368,0.35038817991095605,True
646,0.8313598604447503,0.6285770035639556,False
647,0.8165300702833236,0.9114025529521118,False
648,0.6499505356786076,0.8622571089298332,False
649,0.08349190878685087,0.3566389403983604,True
650,0.7194159856800852,0.06996590139732217,True
651,0.02925048187621515,0.9651302239961997,True
652,0.6393906470752121,0.048888686169299755,True
653,0.6863282567983804,0.0022302607633110094,True
654,0.8429973831260654,0.03156905133566568,True
655,0.012699171274506704,0.6384733156774879,True
656,0.8372539926757397,0.1662808464334815,True
657,0.3466237209619346,0.86195174163368,True
658,0.19598533325379208,0.3287434012884035,True
659,0.29790105728903615,0.6364947800704593,True
660,0.803012750283497,0.513160744473744,True
661,0.865518255513119,0.43247059156748113,True
662,0.3252955079318167,0.038736463506879315,True
663,0.17363445113128895,0.2599027363114004,True
664,0.9750818458253689,0.8529790158889271,False
665,0.7797649643695006,0.10940299245606278,True
666,0.09176829801264252,0.8477666019455431,True
667,0.26214950683120375,0.8926478947088086,True
668,0.6989237514614264,0.49362766827826576,True
669,0.15374119017208698,0.9914345225116262,False
670,0.4383134509240084,0.52124665101574,True
671,0.9731850601692758,0.10166742549808816,True
672,0.1681050590815878,0.9724368267067632,True
673,0.1903817751778032,0.9153806422266968,True
674,0.5314018298081971,0.07844830880157427,True
675,0.8899319322631422,0.7472649570080486,False
676,0.4362022433135285,0.43315812233931195,True
677,0.10907998287775256,0.5142353452310917,True
678,0.6913734688699661,0.2315762433137618,True
679,0.5357815284821894,0.5563069776799274,True
680,0.9789228499236637,0.9388325928909131,False
681,0.3111777070028121,0.7984590742189781,True
682,0.19601582617139002,0.1451232923967939,True
683,0.4432464219717839,0.8967643224882482,False
684,0.5768765328268066,0.9392166087351853,False
685,0.9878555672881316,0.04301333407772434,True
686,0.7025497311427324,0.5751210249869093,True
687,0.38881126879289574,0.5893882255388645,True
688,0.18159206485748136,0.5597241253611152,True
689,0.6812492568342188,0.308243063817356,True
690,0.8256778684258317,0.08817307366980609,True
691,0.03120946626065013,0.541933938602407,True
692,0.8683401589623397,0.1010322998497859,True
693,0.8025008318060736,0.3105410022672923,True
694,0.8401239929443326,0.12221668377586192,True
695,0.768535550270674,0.09597199794623479,True
696,0.12695063041249777,0.017028835798419073,True
697,0.823049426035914,0.33227594547955963,True
698,0.6721181660043791,0.05574526344548081,True
699,0.545305068165571,0.35847196180279506,True
700,0.7467379013074074,0.6261014803735534,True
701,0.5271157056778344,0.24457744629555045,True
702,0.6981899040920404,0.10585244093243806,True
703,0.43345583177729563,0.720923233180254,True
704,0.6665078213506502,0.07116734791410528,True
705,0.02172453662815177,0.04593067966580899,True
706,0.42046908727778753,0.7013426981244237,True
707,0.8720565066099777,0.6219716762738765,False
708,0.8257505381151299,0.15904341517849252,True
709,0.19404699813472392,0.5921736929490063,True
710,0.7552912660799272,0.14457213486989107,True
711,0.11892421748740178,0.521420809477181,True
712,0.06059310068120938,0.031944534374514943,True
713,0.27963045990154556,0.5409533986307544,True
714,0.7700428278906695,0.35366017263151417,True
715,0.9591534903535143,0.36654909211576114,False
716,0.36142729032039733,0.7930233358023597,True
717,0.9730318277548168,0.7813349078305695,False
718,0.7244502162126306,0.6810698048778631,True
719,0.02121578672842994,0.9891289449964505,True
720,0.38345836379803744,0.34070841102199423,True
721,0.7674095885210199,0.6104065163967538,True
722,0.5438810613522107,0.35925709290690944,True
723,0.6348750705025771,0.8958519890460616,False
724,0.03826567553962956,0.3298615590860021,True
725,0.19846861816237515,0.9016720902528802,True
726,0.3986461686980354,0.20696631645169583,True
727,0.8176990703705643,0.8320778675538459,False
728,0.5071497123316474,0.057025245784952605,True
729,0.11794439253561717,0.7730167254846644,True
730,0.18597947655106462,0.6926377234556261,True
731,0.7710219595445789,0.888240529168593,False
732,0.10888683256154597,0.32171209167302073,True
733,0.0109217010158702,0.5829974945676458,True
734,0.07013861687577039,0.24839516652183558,True
735,0.1189900189789751,0.7647720998489947,True
736,0.42065773227894243,0.4654220724392749,True
737,0.14495787652909375,0.3376635241212791,True
738,0.9370944459236585,0.9745283025112922,False
739,0.6876132397930466,0.8977446623846426,False
740,0.10596089302198963,0.3779796708333729,True
741,0.7621859101634134,0.8150762598074636,False
742,0.7998838358222937,0.22086135209380242,True
743,0.8306040436176524,0.46132702033849615,True
744,0.22000609220267586,0.464218166715321,True
745,0.10598578995970254,0.41510724972829893,True
746,0.025987422627933965,0.05136272208510473,True
747,0.6968282079519013,0.31696416747875444,True
748,0.9442365898680708,0.9155048800133601,False
749,0.5336771662897322,0.7802836391769743,True
750,0.8420609070855762,0.9359716594016225,False
751,0.3147125269672383,0.4890276561345266,True
752,0.16329481173609384,0.845877313291723,True
753,0.40868071848250054,0.39589168150004883,True
754,0.3492695046390142,0.7984284738775199,True
755,0.4039725331037012,0.021712197272649725,True
756,0.6990109695499589,0.4701729129889082,True
757,0.5846052121560678,0.9419774607228281,False
758,0.4571829932230631,0.531874933059235,True
759,0.03319144937600782,0.8368142693680871,True
760,0.015166263659842194,0.9918884336696224,True
761,0.5323849917244992,0.1893785764359005,True
762,0.7506371840979932,0.2577467658974173,True
763,0.43819772839435556,0.7995034443045147,True
764,0.1853528258328606,0.14247459028590614,True
765,0.027767617028526148,0.9194815495010199,True
766,0.24532688075043185,0.38364263603882875,True
767,0.91122670539125,0.12370776970534425,True
768,0.7949171022105539,0.46516148389411516,True
769,0.2511134969610975,0.3014241347236848,True
770,0.9646244739784176,0.7322052568039387,False
771,0.147115664513923,0.45542954407696934,True
772,0.800436069010755,0.6682196329338556,False
773,0.9329507613481974,0.9135571752198203,False
774,0.38795386576808766,0.3661645357446728,True
775,0.7056184661038066,0.6634247567383252,True
776,0.43123561174913816,0.36729689385049347,True
777,0.3746681341254956,0.489100291498041,True
778,0.7471342539669891,0.675258043820593,False
779,0.045872722970837776,0.4776891997238969,True
780,0.1696890387351777,0.13506786499259849,True
781,0.31332982860801073,0.41220232101575904,True
782,0.2526271703859905,0.8895779524000623,True
783,0.753292461199874,0.22327452853980723,True
784,0.7223149460018209,0.7817912546735003,False
785,0.429865637805413,0.8455641506843659,True
786,0.8243124959710197,0.690618632264425,False
787,0.5162808396615706,0.765765199792937,True
788,0.14431689802392333,0.8662248505436382,True
789,0.2594611931535492,0.3036691715076749,True
790,0.6981245115423232,0.6280074249108488,True
791,0.29719128618688084,0.04407828272292358,True
792,0.3045222127962408,0.2534710817660104,True
793,0.8835023137895945,0.18326985322229494,True
794,0.2743747733332763,0.5509035130725682,True
795,0.6434731089326567,0.4598664035459781,True
796,0.07072617336061027,0.26084261523163466,True
797,0.7823490883155435,0.7864370867022912,False
798,0.19683108619159273,0.5868528935624784,True
799,0.19765961610591365,0.7601880579331672,True
800,0.6568838332609561,0.645419789846414,True
801,0.8039276609151967,0.44124606592168814,True
802,0.5902310886874916,0.4404023624687453,True
803,0.10748387742827603,0.6226891289462015,True
804,0.1230987467045801,0.7542983653987263,True
805,0.8450481522617812,0.9191507523520434,False
806,0.4238678114518416,0.6204820219416943,True
807,0.03211297268550539,0.29474212773254327,True
808,0.32569317618220106,0.7345997430254032,True
809,0.7905207566505371,0.7366826288200241,False
810,0.5448007134485204,0.37778928727862704,True
811,0.7236830594867952,0.22547766204574116,True
812,0.584250318076902,0.34027438087835515,True
813,0.7691941429167864,0.4202072523714955,True
814,0.8501873474661749,0.3907046220883581,True
815,0.710231472365173,0.4115324873062597,True
816,0.07903412467950366,0.22661453953174004,True
817,0.43579140720117526,0.9172094389399136,False
818,0.49367074644660025,0.21085468115321326,True
819,0.5840215942288586,0.11218965360690802,True
820,0.7873169565696797,0.28328387992823467,True
821,0.24835558114245082,0.027844447268647654,True
822,0.35999132944926193,0.09839458839296467,True
823,0.5922688781879432,0.9953459805897924,False
824,0.8117859455034888,0.38623859400269667,True
825,0.9070775487369781,0.3413998233620771,True
826,0.6633832097172113,0.6365488814750243,True
827,0.8440403767792969,0.9459395354104212,False
828,0.3557299252952054,0.06036202320588668,True
829,0.20144625668193294,0.9500490042373005,True
830,0.40031241355457536,0.6289765496801554,True
831,0.018090505960166703,0.6006966825736448,True
832,0.7924565165458534,0.37561605749538673,True
833,0.359736745229133,0.007632032679041334,True
834,0.09371144441446522,0.17540701559599103,True
835,0.5897852326980796,0.181132639376121,True
836,0.7201457206265838,0.6618476771048482,True
837,0.5051807518915091,0.43099926586690307,True
838,0.4028088775951886,0.22478788707261788,True
839,0.7466578970002711,0.33807810249825776,True
840,0.3903262033361773,0.2286179914437093,True
841,0.773452572168162,0.7964010872715422,False
842,0.14234296301659344,0.78494420482758,True
843,0.09429743208815078,0.2641504631936984,True
844,0.018579506624520903,0.7643767650073588,True
845,0.9957340197409947,0.527810471164513,False
846,0.1884427917825725,0.18224470784188207,True
847,0.9995079336506482,0.41404591484597,False
848,0.4091107314268908,0.3590784878861595,True
849,0.8390792717958077,0.6169661461081485,False
850,0.001009138253871944,0.44477718035592095,True
851,0.39456045216209357,0.4589417471917042,True
852,0.7536281897340203,0.3395862015093607,True
853,0.24571874023702123,0.9428822425499772,True
854,0.7598947375480979,0.441455733668321,True
855,0.8951423008357211,0.7895121357835309,False
856,0.9672216040668274,0.6138037505681042,False
857,0.13709230192941235,0.5614405327061368,True
858,0.40913932553605814,0.896310180717376,True
859,0.08724002398240793,0.6806078085632746,True
860,0.23635800699406306,0.11550003758748328,True
861,0.33949587248843904,0.09476902997653414,True
862,0.5761900581745382,0.5620970147183123,True
863,0.390825132294618,0.7835001095430473,True
864,0.8948868743883521,0.9767580160867864,False
865,0.9551189218822094,0.5033907038716275,False
866,0.5039039169084143,0.42005305035898366,True
867,0.8752546257286977,0.0005067334523222167,True
868,0.14726077456549003,0.6953753876696106,True
869,0.7379590633546788,0.05775173827829072,True
870,0.4393471334588952,0.27787246136806054,True
871,0.0701487596205096,0.1584766501720113,True
872,0.7461263979633689,0.29308326211584224,True
873,0.20489885949472286,0.8013466984907327,True
874,0.9610100967657377,0.1751226198162883,True
875,0.48195963175438195,0.8134565826680845,True
876,0.7205086304134041,0.5356181214840591,True
877,0.4096386292733297,0.3895879802389066,True
878,0.3129572684881189,0.27640309790458106,True
879,0.8056048733805942,0.3353391216291741,True
880,0.9340264655919551,0.3594872326393731,False
881,0.651722317673926,0.7798345230982366,False
882,0.33813780969990803,0.434521945857422,True
883,0.7041660415448906,0.9205150096152183,False
884,0.9113314821074393,0.37200896030292496,True
885,0.9549872604960853,0.5991242573797884,False
886,0.33141997765601006,0.31284176801173724,True
887,0.9857297098442825,0.7838279798616394,False
888,0.32875273293084517,0.09134431406478627,True
889,0.6273552368974232,0.8796875799960912,False
890,0.8764281267269421,0.718580334278479,False
891,0.27324631385833054,0.68015549086679,True
892,0.9262049451117808,0.9182065021869115,False
893,0.16928018462441763,0.014161408543189924,True
894,0.40362410722691633,0.34930332959269805,True
895,0.011520743821383128,0.3376190362312633,True
896,0.2905166983999222,0.27027510514560815,True
897,0.9981129857224067,0.674386945486465,False
898,0.10064087839424107,0.884291619337035,True
899,0.7205800682833212,0.9944610314863154,False
900,0.8148738450893888,0.6080723485979632,False
901,0.3402702671347567,0.8071872031683671,True
902,0.9980115753504962,0.23552183064442944,False
903,0.3282030335832826,0.7701496291400663,True
904,0.11726687257547663,0.8140343519735755,True
905,0.8118515954085275,0.7826219076036162,False
906,0.19442239229617142,0.7351893506430209,True
907,0.7997283918502167,0.9461825687632609,False
908,0.13674205170326015,0.30421477109464357,True
909,0.5308512770080478,0.7061537058476179,True
910,0.29438974185045597,0.24384848887017552,True
911,0.9334751425937856,0.8193064388884785,False
912,0.11717288964779116,0.4111021216040869,True
913,0.23389857512245982,0.16110559728913065,True
914,0.3078772387501213,0.28803224776309344,True
915,0.10517622627473344,0.26354945991605727,True
916,0.8176075843554214,0.7970056247925281,False
917,0.19454472906528586,0.3394017993208841,True
918,0.20970574496849814,0.7533701972007604,True
919,0.7617648249168065,0.8299546803935391,False
920,0.7295347931362368,0.811787433873036,False
921,0.12280220399625608,0.8427155549906622,True
922,0.3929975472054281,0.9876750222787373,False
923,0.48832997807944745,0.021250063309215417,True
924,0.42610870321396643,0.2833169322945047,True
925,0.003293872528225217,0.9379979886792335,True
926,0.015928088078964064,0.8106861518801541,True
927,0.18152048612670169,0.05869508187736017,True
928,0.05483013246101698,0.9546183170308911,True
929,0.6647515490434304,0.11885479658735798,True
930,0.855617795781428,0.7141323418504403,False
931,0.6207010832134267,0.5714926988770332,True
932,0.5969797015479794,0.1049815014866996,True
933,0.5104213962123735,0.5012605012705895,True
934,0.9952638339398715,0.02117023361855197,True
935,0.044592332033235094,0.7144136117662506,True
936,0.6929186497167631,0.8742130402289089,False
937,0.7041370105645721,0.8295548643773096,False
938,0.539203811666301,0.601550114537996,True
939,0.7631758305878897,0.719658008327507,False
940,0.8471718109040409,0.013645160485598717,True
941,0.5782788474903431,0.9545562758876298,False
942,0.7909856072021629,0.8664627263133086,False
943,0.6644387650431791,0.32389591223681125,True
944,0.692082773790642,0.1445706452553246,True
945,0.7961419602051603,0.06705126392761096,True
946,0.5910030255614703,0.16509379390593604,True
947,0.5063442556958784,0.2754522142840936,True
948,0.8935273769155618,0.4528054139820621,False
949,0.8408926704658903,0.010413030106302568,True
950,0.832815347814268,0.6494110774944851,False
951,0.9110553090406508,0.07038364702399724,True
952,0.6670324366314305,0.2547056000570418,True
953,0.5360622339406699,0.4456933043899137,True
954,0.10953574388367526,0.7367454296571273,True
955,0.5749460657920049,0.4793957473638777,True
956,0.2846921177382309,0.2788334788961997,True
957,0.36577474315578196,0.13972926704996058,True
958,0.27928884435225665,0.1178805194101441,True
959,0.8463544754812977,0.32551301489414464,True
960,0.3083690599723786,0.3270218976126146,True
961,0.577341514673348,0.6982908495549144,True
962,0.3800514137575248,0.502423478725375,True
963,0.21338121183246583,0.4727128637664163,True
964,0.22344857905116067,0.320961782418244,True
965,0.9526193929844742,0.4371667839415365,False
966,0.33800455288940534,0.8625251748163284,True
967,0.6150536490829892,0.4595448010290405,True
968,0.4090070786839325,0.11343320468908613,True
969,0.40003000167042735,0.9434819480726744,False
970,0.556762303885798,0.6501594638488492,True
971,0.38113073643923556,0.23354591892637622,True
972,0.8246099270015824,0.15581432266931527,True
973,0.05285497781166337,0.5209455280022736,True
974,0.7230629251706906,0.1984161858660226,True
975,0.8860998947289132,0.17895348384709087,True
976,0.17458372910123754,0.7043093071084483,True
977,0.16956027430978649,0.8362292698308195,True
978,0.16374387457967787,0.9907444438491237,False
979,0.6634910537287182,0.835562587982455,False
980,0.43250544454010864,0.7614163503281259,True
981,0.4356635135341306,0.8714114745665207,True
982,0.36717657648262403,0.7167098759724971,True
983,0.12257725931775554,0.9945063910124118,False
984,0.9163572161350083,0.21926964666530457,True
985,0.047469031511221726,0.18270484812682208,True
986,0.8434256765281746,0.6387379856829598,False
987,0.39251911049599386,0.3429853376257984,True
988,0.18369001684230468,0.5155139572969926,True
989,0.33286517860956033,0.8405491971621922,True
990,0.12539603516951947,0.4474835379417943,True
991,0.2814176706248007,0.08525723056715795,True
992,0.9907102803977016,0.8204304066977635,False
993,0.5009916477441971,0.23198333660232484,True
994,0.15203386883963743,0.25762357027382843,True
995,0.26813828435404385,0.9352410598672352,True
996,0.47280177169299475,0.08218313634565289,True
997,0.44405100869256586,0.2169967974230993,True
998,0.9022807356668074,0.911053164588771,False
999,0.5765956793406826,0.700700698063036,True
1000,0.9769353472554728,0.5488489276424677,False
1001,0.5983062654321689,0.5015068464370165,True
1002,0.7293272116199727,0.5598857263341489,True
1003,0.8864866436145529,0.8267144401937272,False
1004,0.6138983262732087,0.3156641123998364,True
1005,0.8262750222323966,0.20804105491990932,True
1006,0.04138814354708087,0.873901258484196,True
1007,0.4673554202224427,0.7436440359500271,True
1008,0.8294661048916063,0.9405754201600737,False
1009,0.13379664272778757,0.8160084183805414,True
1010,0.5449057767111258,0.1328599300096972,True
1011,0.8705600685145185,0.034456915596012716,True
1012,0.2699987083826082,0.5758253592898825,True
1013,0.9887723751849967,0.199781335276213,False
1014,0.21608145068322127,0.11326486807411729,True
1015,0.045545595372355696,0.4592536589080739,True
1016,0.7694961220089034,0.8062311098254581,False
1017,0.05590879618750444,0.5844715067859549,True
1018,0.4335401414827229,0.036655541278717174,True
1019,0.8648370826770448,0.5887247901333634,False
1020,0.3092228175120918,0.7984803209391389,True
1021,0.6384267615936275,0.7025018913960558,True
1022,0.24862263262558792,0.822943080264792,True
1023,0.49647987291829865,0.367553565404647,True
1024,0.3842258119445301,0.6438613997396441,True
1025,0.558190925387536,0.39842834431270335,True
1026,0.6456033649336864,0.1167259326554747,True
1027,0.35109589670313,0.7584172404018465,True
1028,0.6287367492757024,0.04278320595078444,True
1029,0.7262922902648716,0.23509361533991668,True
1030,0.9499111443415216,0.7333080472312132,False
1031,0.7983119856922085,0.5329687798916887,True
1032,0.8917999310312942,0.9019681449158697,False
1033,0.6420190205031778,0.5579435488114947,True
1034,0.5057308298451767,0.3059242941643038,True
1035,0.2611011198977533,0.7171250296590197,True
1036,0.32270172096909555,0.7129594614120027,True
1037,0.8278992923304813,0.05481280915578812,True
1038,0.2487402714249256,0.6243222654243049,True
1039,0.3321851178623887,0.6206013789909541,True
1040,0.016747777331173386,0.9249526329101551,True
1041,0.5515200359386818,0.445456515706802,True
1042,0.16301579243911324,0.08218970422666017,True
1043,0.5664626683693268,0.262431002286866,True
1044,0.4722118638575281,0.790439524453331,True
1045,0.01289466491842517,0.36026905038632095,True
1046,0.5998893703327106,0.5804322874187191,True
1047,0.5380778005808444,0.43089245648758545,True
1048,0.1715723470456646,0.006397746415592209,True
1049,0.1257682283091769,0.8466122303617449,True
1050,0.4299810805403538,0.041117913696392616,True
1051,0.6378322671323999,0.724031160196913,True
1052,0.2706238291015032,0.30867757650463823,True
1053,0.8432736754178303,0.07991881355923369,True
1054,0.987061065583306,0.6346913255809487,False
1055,0.38728152321574816,0.8303693196455508,True
1056,0.8386118357638591,0.6140008084671964,False
1057,0.8051919888865644,0.8656142267538623,False
1058,0.3862585718111158,0.6951433777124897,True
1059,0.014580288547966336,0.37560749631785884,True
1060,0.4403778143081505,0.3344461412675852,True
1061,0.48165218804425103,0.5957301464951832,True
1062,0.6564809445175146,0.04305164708095832,True
1063,0.21580623352765882,0.3976898950702288,True
1064,0.6075271904284226,0.8959517201434338,False
1065,0.3578042892714922,0.8545673168316025,True
1066,0.6016686761791205,0.7990511820217788,False
1067,0.020060694822690794,0.03178477918638056,True
1068,0.9089547885768753,0.2926205396048557,True
1069,0.44049247003898717,0.4613012075176247,True
1070,0.5883139306809887,0.11593071697237045,True
1071,0.29481044543284585,0.37219720937165734,True
1072,0.20077674591958727,0.12768690964558171,True
1073,0.4319529921125337,0.10939595155447823,True
1074,0.2978478838197739,0.711112290683625,True
1075,0.9606578712585278,0.8910054581095929,False
1076,0.45251968691044486,0.5503331973682645,True
1077,0.059856015505648674,0.9759858745690088,True
1078,0.7587312900633049,0.4311837160984243,True
1079,0.021159745018996867,0.5352335373925153,True
1080,0.9253533961136413,0.20011043942981765,True
1081,0.40790274505344815,0.44847378201625654,True
1082,0.5440288093323421,0.05756157028981934,True
1083,0.8207526759582612,0.5687570015577929,True
1084,0.7947094625783677,0.28009888888918644,True
1085,0.12838772626965778,0.6221872225350454,True
1086,0.023727400458553816,0.6012876625437475,True
1087,0.8345415037756727,0.1406115553048345,True
1088,0.41883726762962914,0.9398412157331153,False
1089,0.17721014844287464,0.25335152634176306,True
1090,0.021311393392380418,0.6270132487963312,True
1091,0.2722413757053853,0.580463084653682,True
1092,0.7160712497099059,0.11037308842948512,True
1093,0.018766046167561723,0.7546212188524907,True
1094,0.6346216269845895,0.11419343749474953,True
1095,0.8691126696160503,0.03328811402265186,True
1096,0.5177702620386706,0.7777842162350028,True
1097,0.3690016095726716,0.7366459739261746,True
1098,0.45027872609370156,0.039131721512759565,True
1099,0.9970972532404392,0.17663160427221736,False
1100,0.2869469753592364,0.18127119594491437,True
1101,0.7390071999960098,0.48546346488308223,True
1102,0.6930021407884038,0.41372769209810945,True
1103,0.6487952049053918,0.1440984990158165,True
1104,0.7375589605202059,0.5998201328443745,True
1105,0.24863876553915087,0.8655630540412763,True
1106,0.30637901218626407,0.7964463914908111,True
1107,0.23758501990633318,0.8734251021634959,True
1108,0.8161030095616588,0.16251466559105776,True
1109,0.984301649806659,0.5035249386174903,False
1110,0.5982882812033936,0.8018752793190702,False
1111,0.4808886933223536,0.14123837260235572,True
1112,0.9699609942919497,0.4160077677936106,False
1113,0.5445420012155897,0.5990974897795796,True
1114,0.3986301167444847,0.22740940762149797,True
1115,0.8493849106462484,0.6257175795672302,False
1116,0.4231988290461174,0.40275583854194086,True
1117,0.03424704775555387,0.672209234288466,True
1118,0.7705794008753866,0.21134792085286302,True
1119,0.4885258506099409,0.2519028471324707,True
1120,0.35800357655881476,0.38759818419343617,True
1121,0.24532739566195516,0.763876730324127,True
1122,0.3220574242617945,0.4807540242584215,True
1123,0.2444437029436477,0.6857212145189677,True
1124,0.1550473571346398,0.6431257880389535,True
1125,0.22509919229170305,0.20763857403840014,True
1126,0.6657323367387475,0.7438343762193372,True
1127,0.8352803152058996,0.6202991994254714,False
1128,0.3680932987220701,0.37527381734234266,True
1129,0.3691687307687823,0.5408858162825214,True
1130,0.7843105034594506,0.24614618075836991,True
1131,0.6353354978865112,0.4446831766177104,True
1132,0.29094992856960167,0.5551341331389028,True
1133,0.3939085213548593,0.047534230011853196,True
1134,0.3878455120199328,0.7170396556827839,True
1135,0.30774647614980444,0.43588535516579274,True
1136,0.9606308518120417,0.1657994684970533,True
1137,0.15776665319172045,0.3401722258206923,True
1138,0.4305278064058258,0.6096176456994,True
1139,0.0839297680082548,0.168045371998652,True
1140,0.5039353589489423,0.052728705461768444,True
1141,0.05739148934817728,0.38661305293517867,True
1142,0.8989695222867267,0.9618819463749207,False
1143,0.8473657443609979,0.7095536817424091,False
1144,0.12099668973915656,0.08848490427945788,True
1145,0.9020085610969316,0.08553744431372434,True
1146,0.0586322854345509,0.7139310976210305,True
1147,0.06107794024266888,0.4600440707244994,True
1148,0.6078401239579514,0.9239507837264614,False
1149,0.5988256191463651,0.8679594474749853,False
1150,0.14607938981179702,0.3717468137900197,True
1151,0.7940156879212732,0.8789216042066309,False
1152,0.6305899039369116,0.5191655342561455,True
1153,0.9005110343206153,0.1294104072025387,True
1154,0.14942942073354726,0.02334434105725791,True
1155,0.8177834990325957,0.9517937272576248,False
1156,0.04644888859837215,0.6890092481050344,True
1157,0.588501838126018,0.5577457940492656,True
1158,0.28715758727900753,0.7436419857379217,True
1159,0.06631518257859148,0.22664238448206198,True
1160,0.47783082349324335,0.645104790337902,True
1161,0.9997312508121539,0.7896101222408329,False
1162,0.22009453807413837,0.1100657906121052,True
1163,0.10492952223995622,0.9636478998850699,True
1164,0.8678862235624937,0.057609121986772704,True
1165,0.49177863560768376,0.09956170777958107,True
1166,0.11199143237709508,0.7110571114820805,True
1167,0.8982076096626012,0.5971530529031367,False
1168,0.949071669717368,0.518920898695027,False
1169,0.9242616377118017,0.5939090484519017,False
1170,0.9360096361196617,0.21667753428625558,True
1171,0.4715431675959638,0.021240557772315927,True
1172,0.016935709834228763,0.5638464279220162,True
1173,0.523929309735341,0.6654643175184556,True
1174,0.2797372541673837,0.4460095662400686,True
1175,0.5367481748841756,0.5810662845561568,True
1176,0.06509193292468396,0.4881855901045755,True
1177,0.3824704059331907,0.5011980748206892,True
1178,0.29778924912272886,0.3729234852694743,True
1179,0.7590020219604913,0.1509195423926709,True
1180,0.7077784578384321,0.2965173769479692,True
1181,0.4310761353639334,0.8293379555425997,True
1182,0.6322199579701402,0.5605995939310556,True
1183,0.6202386334788467,0.5184260734022367,True
1184,0.7604721471483394,0.7658491421153144,False
1185,0.9801329345837867,0.2658947281926972,False
1186,0.5178721429037201,0.8479858962233087,True
1187,0.6541838751050719,0.5871051416831471,True
1188,0.4100168912159261,0.37064479344484724,True
1189,0.2761568945213331,0.0730150650153123,True
1190,0.9886877015440516,0.5007745341330592,False
1191,0.3620650732825259,0.3287710341027771,True
1192,0.7714088168579436,0.32190167019185967,True
1193,0.18693179495884227,0.38991126477237636,True
1194,0.013188423625911327,0.35336805507091307,True
1195,0.2025233167309044,0.9165298507917315,True
1196,0.8775730705304995,0.031228175003311542,True
1197,0.6184668137387725,0.3812569368123374,True
1198,0.9784292223284384,0.6536723249293668,False
1199,0.04881022427454962,0.0017981813030863991,True
1200,0.9689313065042906,0.8199192690666656,False
1201,0.45744911829011137,0.33711040226682065,True
1202,0.5953865772418987,0.3749743008069102,True
1203,0.5072673436476471,0.6195316947420544,True
1204,0.2835662280147122,0.3718518980254155,True
1205,0.6536699172089223,0.02283953586315879,True
1206,0.17163763918917052,0.07706102331616771,True
1207,0.518322033871707,0.014559347114626364,True
1208,0.9395119087453744,0.4444264316845635,False
1209,0.7272171630009284,0.29224659532919905,True
1210,0.17621476886129084,0.357648639046671,True
1211,0.27315942482857813,0.5735258792175721,True
1212,0.39510428112490315,0.20511301706922025,True
1213,0.8868087779490429,0.18705488409051074,True
1214,0.3367016771929183,0.5882811766551205,True
1215,0.8854329577952964,0.5864551200302498,False
1216,0.38129845561457976,0.2956032136847664,True
1217,0.6886178805134385,0.27574375387565275,True
1218,0.9248882807847287,0.30695191238540054,True
1219,0.0687675334195873,0.3853006380890991,True
1220,0.9267576337646806,0.892879226417581,False
1221,0.24951784427735757,0.7757597361489065,True
1222,0.07502266142405434,0.3070604181987934,True
1223,0.5955364130127911,0.17302918335166728,True
1224,0.8336295289831587,0.6641790073356854,False
1225,0.947905806359914,0.3796869150331492,False
1226,0.4214200103759307,0.05346908895762015,True
1227,0.6517777657265352,0.5458782810265373,True
1228,0.7312273257428408,0.5117389975545449,True
1229,0.46473393733283563,0.10797282574153244,True
1230,0.9613044752007656,0.3777717344464352,False
1231,0.7712256722030412,0.9500287089851215,False
1232,0.6419019987967484,0.28830778770795196,True
1233,0.08023954274602918,0.13611261104099803,True
1234,0.3519663165172551,0.17492305331220004,True
1235,0.6342711827871447,0.033310071600758384,True
1236,0.06467132676306842,0.5259313474506295,True
1237,0.71644469190283,0.9075832845688462,False
1238,0.6245619213754063,0.04725881611391303,True
1239,0.9902664915811112,0.9006503355786726,False
1240,0.7290038431213586,0.44434439743524634,True
1241,0.058652296465110165,0.20961132776661362,True
1242,0.9399193988715081,0.944598769029428,False
1243,0.29528482768190456,0.8894487817752162,True
1244,0.6167586425498176,0.8741873039766421,False
1245,0.10680931369088587,0.026361620003692243,True
1246,0.8456387221490607,0.5371985395690251,False
1247,0.3887055216540777,0.36024040706934235,True
1248,0.37302129809533713,0.04351433176029673,True
1249,0.3884923418658668,0.09358407765191534,True
1250,0.1889446105305853,0.19657405916908333,True
1251,0.018944116918033216,0.8426103794054055,True
1252,0.4629621142446986,0.7666959954139192,True
1253,0.27293540556267326,0.40427629363756945,True
1254,0.4023885491562037,0.5920375891749036,True
1255,0.273160044130612,0.7901449403765086,True
1256,0.2902998057280365,0.6254767322204785,True
1257,0.07382866379426078,0.0894573895440196,True
1258,0.8667053339986897,0.6040655471790901,False
1259,0.43315810465767834,0.8546719534498642,True
1260,0.45667177680270465,0.8821859087060276,True
1261,0.33379395134406464,0.7005917365205057,True
1262,0.3924966027069663,0.14618398700878543,True
1263,0.03607501188488216,0.6822764782636166,True
1264,0.19330638696266345,0.8278096757793403,True
1265,0.830246767007273,0.0489221638171593,True
1266,0.7885504555750408,0.15869041412461538,True
1267,0.28625407098166544,0.18764193940914642,True
1268,0.751541614481322,0.7107918688603214,False
1269,0.4138649809389481,0.2930918199356236,True
1270,0.55393593713158,0.6197447450620559,True
1271,0.9223179905137724,0.4734666667348151,False
1272,0.04074814128058912,0.06830733627054164,True
1273,0.47223972002936565,0.27701758175958824,True
1274,0.6438526203603828,0.3923239871717339,True
1275,0.7677885003387275,0.5010708522934346,True
1276,0.05049431023667583,0.5276210972340069,True
1277,0.5011449107321926,0.997349266118101,False
1278,0.14343008381680122,0.6601237048563598,True
1279,0.8390149523848729,0.8542221117435194,False
1280,0.1708895929307882,0.850485339223197,True
1281,0.9948873679561127,0.9549830032749634,False
1282,0.18309963043098731,0.7064240271394473,True
1283,0.23576070431076224,0.04301169071710331,True
1284,0.4656510048126872,0.43564503463836735,True
1285,0.8738322117710009,0.02387245273515992,True
1286,0.8964720411294385,0.991521783537523,False
1287,0.3693177451722276,0.6576546872219071,True
1288,0.34720996192122555,0.605870546559371,True
1289,0.3911752392883523,0.6296859913587016,True
1290,0.6881609549008506,0.39712939732703234,True
1291,0.6448910193421784,0.8945325257750985,False
1292,0.8170800865125902,0.9867561944855009,False
1293,0.4126011880476922,0.5563515679486715,True
1294,0.14914962147473976,0.5277124347735463,True
1295,0.6837093705793083,0.15077792394667322,True
1296,0.6317860547284416,0.9361076360063503,False
1297,0.9496027387691106,0.011429201604249872,True
1298,0.43448840263336197,0.09766078073169149,True
1299,0.46290461359087254,0.6952929985290882,True
1300,0.37880054875982694,0.6335361486215875,True
1301,0.9624390056123757,0.2640601952369548,True
1302,0.19878064761862735,0.8776180150280042,True
1303,0.48549883776779335,0.06117400627228764,True
1304,0.380632147330879,0.2513673464849784,True
1305,0.9864260941930162,0.04755738210023519,True
1306,0.9778973375226228,0.2700383960298727,False
1307,0.5028523726850678,0.4019782208696233,True
1308,0.17249362335226948,0.5488872400575417,True
1309,0.794715505191613,0.9774157894206825,False
1310,0.2340459507661834,0.7543479591476807,True
1311,0.3670675142093417,0.7639605945102503,True
1312,0.9492633319901025,0.5218328124958534,False
1313,0.5469520617475895,0.7501767774322614,True
1314,0.1569560235758103,0.4219328936396949,True
1315,0.5136999290812587,0.025704640598682493,True
1316,0.7014132354103529,0.719775021843837,False
1317,0.9618971966382451,0.7178857551792478,False
1318,0.7473468179769718,0.40053389292230124,True
1319,0.7466024140094054,0.6590332444754412,True
1320,0.627099700516155,0.7537830041376478,True
1321,0.7189954793720224,0.641873075265084,True
1322,0.3915663671904025,0.34571496571635685,True
1323,0.7869357557975338,0.8133561793221583,False
1324,0.5001581988749279,0.07136599887367923,True
1325,0.009399814016377683,0.10444986384125032,True
1326,0.06681711237858845,0.630279595062506,True
1327,0.6949580526498881,0.41533536282010897,True
1328,0.7781648735475938,0.8146352364538905,False
1329,0.3673995722270762,0.7990292103319641,True
1330,0.3325407151871169,0.41352830752888803,True
1331,0.856316498478826,0.7535955188845744,False
1332,0.6084005353926469,0.3819844225193597,True
1333,0.6870031529322842,0.7934734023438691,False
1334,0.6091388922513848,0.40501694211620465,True
1335,0.6475850388324071,0.9932120425221921,False
1336,0.09329564344736319,0.28966820688990347,True
1337,0.9504167824988161,0.9865945516993255,False
1338,0.9336848624001227,0.7197403555635776,False
1339,0.024428475953231832,0.5998691992614577,True
1340,0.1265015468807681,0.6315746676827777,True
1341,0.08387846619089256,0.5605349364708515,True
1342,0.30592493282772315,0.8599569471245402,True
1343,0.02494061069100495,0.1598877559359877,True
1344,0.5450464202639541,0.0349373412385916,True
1345,0.6574189502495696,0.22967616327522966,True
1346,0.7217076241188549,0.7144613003401359,False
1347,0.7381570365622182,0.01193785804759584,True
1348,0.8462542370656373,0.19394472139241314,True
1349,0.2882271524236564,0.18027851244357085,True
1350,0.40207474912461183,0.9319363508334064,False
1351,0.40863535978602894,0.8318305826442713,True
1352,0.2793880267273009,0.516874847740786,True
1353,0.3039219969726935,0.43843080260206035,True
1354,0.7512291451887867,0.793655471607524,False
1355,0.6766244074803299,0.7189598489519777,True
1356,0.4636830119107914,0.9520984031361762,False
1357,0.3264127484806052,0.37615797650561567,True
1358,0.10017626610626928,0.1810377844107438,True
1359,0.38059238218219826,0.6698653072877553,True
1360,0.42747136379497985,0.4286924307610326,True
1361,0.13558191063536074,0.8999914951136271,True
1362,0.4257860291822645,0.16395564449555267,True
1363,0.9355323426523,0.27886924013400427,True
1364,0.07005238246465606,0.773814065926248,True
1365,0.47154265309805066,0.9523643491229093,False
1366,0.2967615652665321,0.5619618603860861,True
1367,0.09402186365676846,0.8138572738738005,True
1368,0.9653690292271337,0.9621521179276262,False
1369,0.6908682262321085,0.7574591125173527,False
1370,0.7264291371477012,0.655145746942244,True
1371,0.4605607057836726,0.1946331796443156,True
1372,0.16199783473101637,0.2976776308036958,True
1373,0.17736641093758176,0.263984635388676,True
1374,0.6812950602526824,0.31488148719636333,True
1375,0.31404853316904513,0.30003296275464664,True
1376,0.24907760128608059,0.8317362480820998,True
1377,0.18973733104868185,0.42028215357281284,True
1378,0.7377668769952686,0.45048586047236683,True
1379,0.739345039838943,0.6251949475315769,True
1380,0.7695747299178185,0.03421478939222711,True
1381,0.2736970087239593,0.04660636613600111,True
1382,0.45755269902533857,0.7805635422620415,True
1383,0.7314152743324678,0.13302180647604023,True
1384,0.27173583169892246,0.329449243971925,True
1385,0.49422957169821147,0.15950000412238152,True
1386,0.3304692110164179,0.07538779644228977,True
1387,0.5598895780629305,0.3669744126098913,True
1388,0.9531031660788876,0.3316458820759486,False
1389,0.08713899844242579,0.4076749612713162,True
1390,0.345732593610357,0.3819165219356825,True
1391,0.508845519380938,0.9191003682565078,False
1392,0.9050489950915708,0.01848307956525308,True
1393,0.4556634653671332,0.33149134253594015,True
1394,0.32130079340916284,0.5505035274606059,True
1395,0.5105339984935434,0.3943369572755695,True
1396,0.6912825222049676,0.5073385609286791,True
1397,0.01007818218980927,0.4523150548123044,True
1398,0.7879249849918214,0.8692442267204308,False
1399,0.7894294045453975,0.683403997681838,False
1400,0.7555129078943755,0.054525397997085334,True
1401,0.1348051224925576,0.7509072951302125,True
1402,0.08643524308318284,0.773532231585656,True
1403,0.21130490162943238,0.06996459538588495,True
1404,0.9499325934460816,0.8458952113714011,False
1405,0.26911223192736866,0.2070106811799277,True
1406,0.7483847850076152,0.17050210687715872,True
1407,0.31575601394032315,0.2728506400827072,True
1408,0.5692881907695965,0.29881589892047256,True
1409,0.8042104301789645,0.44027290899399896,True
1410,0.008751105162779438,0.2964890242381333,True
1411,0.0715512300731137,0.9007718605147038,True
1412,0.25043097181883334,0.24824300014978573,True
1413,0.27269011686596445,0.45557019442084423,True
1414,0.8625086793285698,0.7189717827816288,False
1415,0.7761744753289644,0.1268840995969387,True
1416,0.3035682562332003,0.5370546773793428,True
1417,0.8198252692799523,0.42310645300297933,True
1418,0.39794736601518765,0.8921380047831755,True
1419,0.9461429933480953,0.7152786237482124,False
1420,0.9370373631034911,0.7994615912783427,False
1421,0.4716501887176424,0.5454161512999657,True
1422,0.25596288658803856,0.2909718084341819,True
1423,0.43420830427308943,0.8422046319221691,True
1424,0.7063657807705186,0.14848864837728715,True
1425,0.1902920746317841,0.1938369903007756,True
1426,0.3649566738686061,0.8038582600799525,True
1427,0.8232122791603605,0.9653790468181654,False
1428,0.23473021142712258,0.15192954531712366,True
1429,0.8706488031333495,0.5985311576223578,False
1430,0.8760780683903747,0.6848087995204744,False
1431,0.012408925944498606,0.795630693230067,True
1432,0.053110845866311096,0.43814214484931213,True
1433,0.1278432479368038,0.7474560059888069,True
1434,0.6885526708183081,0.048549023707813777,True
1435,0.27207252071050214,0.37262908242053283,True
1436,0.8998281152509474,0.27782882226533534,True
1437,0.06808722181569182,0.2397804450231057,True
1438,0.5580648795204679,0.6648465318267834,True
1439,0.22040259227599723,0.12747873759607342,True
1440,0.6834589508274056,0.879236221610798,False
1441,0.8569791004182787,0.9757087180354326,False
1442,0.6050162041301631,0.024831111670980954,True
1443,0.6275427614420026,0.3058829783876328,True
1444,0.9103848534240767,0.15888498413519236,True
1445,0.6040131635625712,0.0486990304013285,True
1446,0.47685347836080705,0.25251628251411484,True
1447,0.9246358266377641,0.3452788234793772,True
1448,0.16628777831398467,0.9451537126686345,True
1449,0.9325385303844304,0.30303277620999614,True
1450,0.2010956014800389,0.8498295524126097,True
1451,0.5656065169812385,0.1062344188514075,True
1452,0.5970686827465369,0.6690419099913472,True
1453,0.97148190612362,0.5682607819189675,False
1454,0.6486628985436917,0.7808273809699272,False
1455,0.5471802056031526,0.19042705535615112,True
1456,0.13085450982111735,0.9175851829728201,True
1457,0.25036263569331174,0.46469441896583275,True
1458,0.34748645859535343,0.8634002835053148,True
1459,0.5180924019001875,0.6341728478638874,True
1460,0.40672235232864873,0.8351999416941577,True
1461,0.1557074713108204,0.4824983860207861,True
1462,0.7796873796380868,0.8752340729726652,False
1463,0.9693726884359051,0.35120709873252853,False
1464,0.7791727934123979,0.6700153880166188,False
1465,0.6751902829875019,0.19407072122320257,True
1466,0.16778559797203907,0.4977228641922823,True
1467,0.3033246466244516,0.13875439238150233,True
1468,0.3853522615734858,0.30167466532777143,True
1469,0.49706614598063326,0.5775432172759722,True
1470,0.8442778066439166,0.8230077694363995,False
1471,0.6138646590173452,0.178732919924513,True
1472,0.3305391755652429,0.578593822760811,True
1473,0.8232306353651045,0.2292560516468224,True
1474,0.5322688006016837,0.561787302103247,True
1475,0.7284069812000875,0.44869974080252084,True
1476,0.42681965672383826,0.9615826414560862,False
1477,0.7412242588108386,0.0968876532784273,True
1478,0.7215064119777395,0.32120942983297995,True
1479,0.3026492627450662,0.6133801925016993,True
1480,0.33082740109276165,0.6415291259361809,True
1481,0.6741385666620469,0.42223884439329373,True
1482,0.9405284453996752,0.90620152664025,False
1483,0.3039023266127704,0.5203136386406336,True
1484,0.5942815392142132,0.2779609020876387,True
1485,0.9068951029033229,0.2181641790506249,True
1486,0.7191399040020424,0.044610861242016187,True
1487,0.9260388436401302,0.6954484466343932,False
1488,0.14174082296025703,0.3059019770925393,True
1489,0.10019333504573547,0.21548420166402182,True
1490,0.5688493505640975,0.002471310235299451,True
1491,0.8219594548339155,0.7557471643022426,False
1492,0.3767223596306035,0.04022402120735258,True
1493,0.6362198393814262,0.6009096595072178,True
1494,0.9711642933518279,0.9785471617412383,False
1495,0.5504080559728275,0.06874354106560654,True
1496,0.0069994439994705004,0.6822605419424247,True
1497,0.4721517733382361,0.21763089748359388,True
1498,0.8260519461938558,0.45506539307506044,True
1499,0.4322986489037868,0.3587758687149001,True
