,x,y,In Circle
0,0.6875676129062188,0.38989930771627523,True
1,0.8360082265011561,0.4695101091057662,True
2,0.9983841828007662,0.07359777491662789,False
3,0.2765680458939904,0.2687546395191486,True
4,0.9592812192571555,0.7312034723693351,False
5,0.6184507254885842,0.9772329776231696,False
6,0.2938776446624254,0.7404518127319073,True
7,0.7919046449646283,0.8498377291983895,False
8,0.8049433206583227,0.7078623464888989,False
9,0.7232876673679884,0.7295025330066135,False
10,0.8374376995403401,0.29298440911178614,True
11,0.13978570161337955,0.7147663631034664,True
12,0.16291335843860533,0.8781889541113896,True
13,0.5616141823588313,0.9987627828923995,False
14,0.3841669972343421,0.6354879990761462,True
15,0.7657373967437355,0.9800980295294364,False
16,0.488133335746618,0.9890820786972211,False
17,0.4330515974122787,0.7974472320502597,True
18,0.7532735714890185,0.6415042344705879,True
19,0.5793306719154194,0.9159062293073923,False
20,0.4733070436172986,0.07606953740639744,True
21,0.16782618122657278,0.5148825794915752,True
22,0.8060529847568091,0.6820259686889218,False
23,0.8755531947001003,0.1624877266057031,True
24,0.09444168674759035,0.13626730492138384,True
25,0.677215161265554,0.05157881569338474,True
26,0.9150462908403083,0.6823504047836296,False
27,0.8282367137345449,0.4058748245529522,True
28,0.61722480990229,0.4543252452512475,True
29,0.4538560532365372,0.0567545256548142,True
30,0.4673630029513033,0.46852081030847037,True
31,0.6640103313597217,0.41407820535918993,True
32,0.029947317460236267,0.11310444433170141,True
33,0.46975043441837216,0.5566431239388647,True
34,0.8953104711250933,0.28924325182005495,True
35,0.7969551342418558,0.445173361768354,True
36,0.18042826275682045,0.8366298860334234,True
37,0.05695911956989608,0.9736407318116881,True
38,0.3152791157602033,0.11500307011421496,True
39,0.6801583763286221,0.9893671342240565,False
40,0.6010586332711774,0.8210077824817028,False
41,0.2788665623950298,0.2651217591115066,True
42,0.6347620516223116,0.37027877493088723,True
43,0.12008065513374444,0.3701441891618714,True
44,0.6379767563896875,0.8491122820605803,False
45,0.7920931122705863,0.21870384939586218,True
46,0.2700678388728859,0.05955240592313027,True
47,0.40978024019046744,0.40807145312899895,True
48,0.5496403811507674,0.188151836986152,True
49,0.5384304097352418,0.8274127942462332,True
50,0.25492441502854046,0.014972848982632958,True
51,0.06259870144107949,0.9071577132128281,True
52,0.901629069850807,0.2654802512309148,True
53,0.016367295122551417,0.7481743876215182,True
54,0.12714118921014705,0.8692365673189534,True
55,0.7151578268492542,0.44807809783719144,True
56,0.23583219556093937,0.20950873785141,True
57,0.49926324980120274,0.3713139868467127,True
58,0.3004935553095315,0.7487567302237845,True
59,0.7666746395015771,0.8492476121692476,False
60,0.1166397674119638,0.6689516294324762,True
61,0.04235684841142506,0.12039186489135467,True
62,0.8839238393734797,0.7287458912363635,False
63,0.6094078905695454,0.9789171259906703,False
64,0.4893287618249075,0.410971936061888,True
65,0.08852250193659295,0.5740812955868516,True
66,0.6322343893518403,0.6237713529934319,True
67,0.6578583862611399,0.5515166489019029,True
68,0.11820269861926636,0.20266171233548091,True
69,0.3800721967436578,0.964989300588852,False
70,0.6240339134095452,0.8671945554427435,False
71,0.07221235970728801,0.4375071452236301,True
72,0.8575259142461044,0.34062992973601414,True
73,0.1837730030256567,0.10707285072456219,True
74,0.08806855389829027,0.04778294485662182,True
75,0.022445408919631316,0.9011671403194075,True
76,0.6402032052050348,0.15269590265371125,True
77,0.40561091932474114,0.24704437173852378,True
78,0.017369963895082274,0.021941883360217185,True
79,0.3994445239296939,0.16684003216502974,True
80,0.10734250574814796,0.22819366506322547,True
81,0.6458550949342008,0.5792197773402813,True
82,0.04999994971524502,0.9484601089857717,True
83,0.8374276159586711,0.3221005541161007,True
84,0.633163832000738,0.5381921324126446,True
85,0.5104280454153666,0.6486155163043877,True
86,0.448742266703241,0.812272310549169,True
87,0.9183923939753262,0.08504364586471602,True
88,0.35454125536447356,0.31137964707811727,True
89,0.8048717106675858,0.8238984128796327,False
90,0.718559863153614,0.05430439577660007,True
91,0.14787560243630105,0.432583784491566,True
92,0.9829322784330803,0.49146426786327524,False
93,0.5929376149862188,0.8858662497345176,False
94,0.20845002420919856,0.48866128117068863,True
95,0.6737465992383073,0.13216037145341797,True
96,0.9524728275206621,0.7407620565133324,False
97,0.5806148372175791,0.8611461700019877,False
98,0.6793754889114925,0.9815622337336355,False
99,0.8920360258454587,0.39636982206207705,True
100,0.5703542857766725,0.19108066091159703,True
101,0.5188284186706343,0.003287588776839323,True
102,0.13718944592899684,0.4630252298482629,True
103,0.8011070724780701,0.08086683316231702,True
104,0.15758285260890736,0.012894818568135902,True
105,0.01916278848878794,0.996483749285933,True
106,0.9476273297740826,0.9594735333485175,False
107,0.1245167275679121,0.15251374694105047,True
108,0.019206280864308867,0.885600279401163,True
109,0.4205577488607436,0.07383843700855952,True
110,0.5110458367749233,0.3018595611876368,True
111,0.33358311349898506,0.2583776286527881,True
112,0.6441019894650001,0.3096209015996493,True
113,0.9914899264462358,0.7135920954305499,False
114,0.20458128357806338,0.1573708257640265,True
115,0.7165588679772317,0.18619418831366297,True
116,0.9125170309185797,0.35973950094901386,True
117,0.3727454562255431,0.9826266544226179,False
118,0.5969932633696249,0.15309798303226085,True
119,0.31619494931888137,0.8840739085664411,True
120,0.7503147900723971,0.5491711765163226,True
121,0.9867553013445635,0.9457556855184905,False
122,0.9579435543019013,0.04910215663806161,True
123,0.347411086186424,0.9936194809457161,False
124,0.1370977685155731,0.1555369811591354,True
125,0.2921702959026702,0.28410803808373175,True
126,0.20960167840822108,0.6418186189436742,True
127,0.7311013585720195,0.1497893707058554,True
128,0.7843232309908944,0.05877587883600033,True
129,0.293658274835759,0.27550590554028265,True
130,0.32153294085271233,0.9992882810356439,False
131,0.053443275772217524,0.19188981705901487,True
132,0.6429271936323259,0.35430881850281204,True
133,0.24502778474921705,0.826977181083923,True
134,0.1653360490119974,0.13519218430693503,True
135,0.7008305573135682,0.30233693077847923,True
136,0.2812587039722477,0.5604971147403902,True
137,0.273199264838204,0.8315667377161643,True
138,0.8971628655933309,0.5228522097100542,False
139,0.4503961341004725,0.29267640670743544,True
140,0.18743811249598674,0.3648906067377251,True
141,0.6458539367335325,0.5739654340303614,True
142,0.45809910028279943,0.3781810684192446,True
143,0.865002297511521,0.4395340443147753,True
144,0.26779963576046706,0.3469448013310178,True
145,0.7102123144747193,0.9201217358038694,False
146,0.6612894819471562,0.6394993039170308,True
147,0.08098709787474401,0.4730228421003869,True
148,0.4194229873534362,0.7329277068268393,True
149,0.2465886262231617,0.33393384649347924,True
150,0.4856337914452937,0.7561583338699369,True
151,0.30955751388031494,0.09940579730183674,True
152,0.5491905257103414,0.8853494360749139,False
153,0.17375679129191723,0.38125575485793706,True
154,0.20750212669141477,0.8933776719112556,True
155,0.17865996644068827,0.4330255862471962,True
156,0.5601509154192061,0.4363625921971561,True
157,0.14653218773201393,0.6127623433894158,True
158,0.9450789555368,0.11938845239800844,True
159,0.24513819220741118,0.5592808367850178,True
160,0.7354469406914139,0.0644406076606161,True
161,0.6034991687787324,0.6442290196893271,True
162,0.36735552109686553,0.9646909127982747,False
163,0.1442783495545844,0.00493177750522189,True
164,0.8508830456032692,0.35902063356904135,True
165,0.6163391190053144,0.9778244844001984,False
166,0.10420440457715785,0.8860729957186124,True
167,0.18034695786389965,0.2122767835462782,True
168,0.15331492420058979,0.4258128804968824,True
169,0.44667384809245003,0.5490626617819259,True
170,0.32452029706661734,0.5640906095626075,True
171,0.9256824976805862,0.9348168530374701,False
172,0.486966804533298,0.56996283120664,True
173,0.4185638597255815,0.6311914420932827,True
174,0.16679773039151669,0.16927420825223582,True
175,0.5796871508822383,0.3380074454441646,True
176,0.7730148964615432,0.17529486192107557,True
177,0.004010318356974629,0.14529517196672914,True
178,0.6407147415169077,0.8820539039311098,False
179,0.36522187012776164,0.3513422298909862,True
180,0.19901661631808498,0.5686759250830618,True
181,0.32799593448618114,0.09606930644525324,True
182,0.7988255545893007,0.3755584290929279,True
183,0.25689355099930056,0.12249272126260402,True
184,0.31846245129578166,0.9723036058830477,False
185,0.2537650169426481,0.017002678933883852,True
186,0.5801636499314858,0.5529083576838275,True
187,0.7589235144942476,0.3933701183230618,True
188,0.12189176199599938,0.5555905680721661,True
189,0.32544899339043976,0.6444874290995435,True
190,0.06878996649035929,0.17241735623951904,True
191,0.691227918091189,0.6271434198176029,True
192,0.899548255694117,0.716560094024438,False
193,0.5073458895698326,0.8267799252220736,True
194,0.4875008044933353,0.9449771073373755,False
195,0.02125863815818929,0.6505679428505213,True
196,0.5835037239121846,0.4020674497306084,True
197,0.5766054220773394,0.9263725630558304,False
198,0.3972289519818756,0.10678932759625603,True
199,0.3819374357125134,0.42821583037321787,True
200,0.1520675685889149,0.13006393950955708,True
201,0.2468156052694207,0.39485742617994335,True
202,0.5692657878490427,0.8485971800445669,False
203,0.5169802401204924,0.5415331264945306,True
204,0.8813664278364866,0.11807138527827254,True
205,0.591096133913241,0.7448206206879417,True
206,0.2976184862571891,0.9602027497701859,False
207,0.44788699351970873,0.3676969509004794,True
208,0.09212956210267154,0.35329283709523307,True
209,0.10163756834633064,0.4696719248732488,True
210,0.23450793973838613,0.1326201637108232,True
211,0.9584451874220731,0.9402350372918683,False
212,0.47802102821959314,0.530701514016813,True
213,0.8397226733985319,0.23217580270763616,True
214,0.3556552710188021,0.5169878567658808,True
215,0.6480058453480693,0.923324509286095,False
216,0.8119729906470525,0.6726918465331385,False
217,0.1397691439359896,0.5558341632742,True
218,0.09909652039208539,0.07455653463375234,True
219,0.9012511159329102,0.9298963331061197,False
220,0.9537952504131594,0.7875093604971848,False
221,0.8656435384460485,0.7457898110749986,False
222,0.19598259438308296,0.09770257529613258,True
223,0.29623766073122715,0.5748668530029584,True
224,0.46402719700715145,0.36613377002318603,True
225,0.8644294296242887,0.7596753734478401,False
226,0.10275221727988137,0.6928685337004851,True
227,0.16529157796137772,0.05976327101625012,True
228,0.47435063382135667,0.30271966800136196,True
229,0.1691746073130781,0.05954600386459441,True
230,0.9235024461810362,0.666028702555133,False
231,0.7284194629395433,0.11911366566945303,True
232,0.20341484381504826,0.306101301787557,True
233,0.28392578156308657,0.9951813675366344,False
234,0.679103516338501,0.7850483079528116,False
235,0.12149993538317894,0.7214648043753812,True
236,0.2525744071672136,0.24119956953194266,True
237,0.10642671579972396,0.34784838964223075,True
238,0.5087547773272832,0.10932226663531741,True
239,0.04283357769593876,0.87692340840332,True
240,0.8633365064815558,0.47367021640116125,True
241,0.606347099400724,0.42770021268396385,True
242,0.9241970611857121,0.15699736858309832,True
243,0.36698115241488405,0.6950094779918425,True
244,0.9016690133341009,0.6053324091190382,False
245,0.4648695638166588,0.19156349068501333,True
246,0.3440687131147775,0.8443040647250213,True
247,0.015160289774660551,0.600133915212221,True
248,0.7633886605843149,0.6364436119470086,True
249,0.5544985928383431,0.1634563437258566,True
250,0.8182716447699222,0.7477635234368711,False
251,0.38965486455535026,0.6808337005526875,True
252,0.8046628288225757,0.8355950930467034,False
253,0.5545072414561611,0.6959660501462736,True
254,0.9913461779791963,0.3935541209637886,False
255,0.9249738670395532,0.4252144161502748,False
256,0.0770185162906376,0.5215847064717147,True
257,0.0674521783981673,0.3676686513105232,True
258,0.6118321985388884,0.9868330424298124,False
259,0.9576751322179844,0.8709132211472702,False
260,0.30923483394342133,0.5397393906060388,True
261,0.12073597110853995,0.14465816063352943,True
262,0.9158254025919895,0.3609275511048863,True
263,0.8037349523915982,0.5721114840682263,True
264,0.14567557315668656,0.8478831944592754,True
265,0.9413658454726306,0.5707626466221992,False
266,0.02310648845843155,0.10264461485239751,True
267,0.7107237605287712,0.4942395736195202,True
268,0.5820661561951026,0.20724075751223592,True
269,0.20803134672154666,0.9235754871625029,True
270,0.7674517445338973,0.41432465258863294,True
271,0.3757594847158121,0.9815369117603175,False
272,0.3436631979554211,0.6894121246839697,True
273,0.9702324323525848,0.37704730887974414,False
274,0.5841814435823675,0.24283980425735918,True
275,0.5751010250158901,0.7847078436902332,True
276,0.877411856233124,0.7446908827093792,False
277,0.5032552669234835,0.5479896777490914,True
278,0.11768755614207671,0.3770516725363662,True
279,0.6583086603052791,0.6500643954840788,True
280,0.7355272233792112,0.8205433738609966,False
281,0.1341906810221759,0.0003276529636290215,True
282,0.48472826795239077,0.44551984580747683,True
283,0.5622636900987273,0.3911162429602504,True
284,0.14366049177959794,0.7881357860886649,True
285,0.5341048034447843,0.5058224191905807,True
286,0.37263907139301355,0.7143511600383048,True
287,0.9634847980215855,0.4667716954808455,False
288,0.7675158825816103,0.36661240197191847,True
289,0.0978999709419146,0.3156818177535824,True
290,0.5840430870188349,0.43233354532724666,True
291,0.1384570628318339,0.6995048598327653,True
292,0.3533874449077662,0.09593481686956606,True
293,0.4284823678610803,0.35801872421844017,True
294,0.7356894822348871,0.8665529078393741,False
295,0.9539844184975699,0.48610423934674407,False
296,0.07863727345679139,0.30984742137270693,True
297,0.05882878449740769,0.8780055083818291,True
298,0.6979308454590526,0.17909535369319307,True
299,0.8074178639433405,0.6879409181657944,False
300,0.3358156705590073,0.8141264026694764,True
301,0.90950263260705,0.6038310605282794,False
302,0.2386050004129664,0.9156481212408564,True
303,0.07065878054746633,0.6676754834142566,True
304,0.611660787120437,0.3689264917501097,True
305,0.8801659496743617,0.3596528575682779,True
306,0.19845766143015797,0.8925961061295367,True
307,0.4294385872824015,0.39118179964572963,True
308,0.25383852990680933,0.6008819747165249,True
309,0.26245504958968946,0.030761407512110983,True
310,0.8839876681129146,0.2561328285884076,True
311,0.15781535660665136,0.8432792330520219,True
312,0.40855020873137604,0.15123287811098307,True
313,0.5840112215424759,0.04236514874297692,True
314,0.659770323019992,0.8062734765945851,False
315,0.148886651699504,0.2202876304525404,True
316,0.694980246549865,0.7275169941475713,False
317,0.2526824318477098,0.7799309549099805,True
318,0.3673788680446145,0.048807232342354734,True
319,0.8171576634106005,0.6038356936806899,False
320,0.04522590038038943,0.3615133311423824,True
321,0.7990971748995891,0.7287927304808612,False
322,0.579254622643361,0.7680526845661789,True
323,0.7131453775892782,0.7355399107474483,False
324,0.7957398831813431,0.4395328376981623,True
325,0.067685639774138,0.3212342894755983,True
326,0.5092441880033256,0.3180484095533783,True
327,0.1315003053644742,0.23195212613983907,True
328,0.9139640909744075,0.21540946182173093,True
329,0.3361446446171976,0.8708171193314286,True
330,0.3926521200351418,0.6121239210263406,True
331,0.42634937606118184,0.47346435662425135,True
332,0.059645016159795894,0.2978862871472673,True
333,0.506500962600599,0.8565591798811635,True
334,0.5564357519020898,0.7895093505573192,True
335,0.294654452700677,0.07664238187127037,True
336,0.05802245646029158,0.9916656576432754,True
337,0.8875723535831187,0.40653627143920334,True
338,0.46114074991495324,0.5549305283479169,True
339,0.6448572293978732,0.5438522884380176,True
340,0.0531939398739405,0.02895022557848337,True
341,0.7009259183457756,0.3101629872595866,True
342,0.36407740284251755,0.882782415369651,True
343,0.023702133161215166,0.022695125299172614,True
344,0.9776256813502429,0.035403990693365084,True
345,0.5637526569191194,0.6343959415114885,True
346,0.4167921606231295,0.4668102921846503,True
347,0.2543083326883635,0.7341844652263708,True
348,0.3407443047830544,0.5833751337330702,True
349,0.34597601929016064,0.1830234657395734,True
350,0.816156265754265,0.8363206906342314,False
351,0.4065356854951936,0.6923668669652306,True
352,0.4660523799786397,0.7872209990679233,True
353,0.18904247266053742,0.7755660490801102,True
354,0.6815652771808387,0.004634665223925194,True
355,0.3094742947313056,0.8025432091044408,True
356,0.2061975132051138,0.23913143627896427,True
357,0.9330686087986378,0.6210807133997595,False
358,0.7509543082791511,0.2908447867156926,True
359,0.26873450001642285,0.6834010872578797,True
360,0.38519000845743656,0.002494329282087371,True
361,0.20347491153711483,0.334235116384636,True
362,0.7451692075877153,0.149599316333478,True
363,0.9330080654617972,0.4702264424942382,False
364,0.5162572119432253,0.6431032297131258,True
365,0.1992344903154578,0.43956883813198977,True
366,0.19766783282186606,0.8225356712228671,True
367,0.5700911372381036,0.31353926837392665,True
368,0.3831677855908715,0.3656067820900568,True
369,0.3296410323863018,0.5519782970338147,True
370,0.5473012477435338,0.6695299580770034,True
371,0.29483923787524413,0.26820756469881046,True
372,0.09909393637154629,0.38410600715010035,True
373,0.7306023427460281,0.9799064747357266,False
374,0.11694196987054772,0.5479818105695101,True
375,0.7861908719988436,0.41997642787392175,True
376,0.29981908791227496,0.8950851162194343,True
377,0.9006592415201656,0.3962877307672372,True
378,0.8960576655049105,0.277747959224647,True
379,0.5507050440508086,0.8758657046581488,False
380,0.6051766059745619,0.9346115748879826,False
381,0.9808237775724326,0.5187462278573758,False
382,0.47473662586097565,0.04091242954117558,True
383,0.24758689143446244,0.610282638321602,True
384,0.6475155210342406,0.551182974171951,True
385,0.28328029231186325,0.4169037217726259,True
386,0.24745305940260265,0.37425270003853484,True
387,0.7082641651500347,0.933186852973349,False
388,0.640923626787534,0.7414711633702037,True
389,0.12624552534206468,0.4369223621027545,True
390,0.036843725056412424,0.9082241251337869,True
391,0.43859229781702314,0.9505219391477756,False
392,0.5108966010124377,0.6777953421397153,True
393,0.8376265755668061,0.08366822769524207,True
394,0.9949565317834915,0.20519708228974498,False
395,0.8135795028723944,0.03163433895167722,True
396,0.9415529154917139,0.6069374958282858,False
397,0.2223274032775575,0.3781498322748118,True
398,0.7670466002396148,0.8007528557689886,False
399,0.9739766300699656,0.12758651459693726,True
400,0.371933080534362,0.1473303403237365,True
401,0.50753500266281,0.03889824124637742,True
402,0.3180500063098898,0.32312760021713083,True
403,0.4063510267350986,0.9964566948001244,False
404,0.42932245306943206,0.5819863034651542,True
405,0.5041690335586109,0.03601760129457965,True
406,0.7765279077666674,0.7540402820586666,False
407,0.7485219004167627,0.6988046081507713,False
408,0.9867715443475616,0.46479092403654165,False
409,0.11080368368359261,0.7920222523082844,True
410,0.3052819534816814,0.3494353837941182,True
411,0.4904102996277936,0.15232364766972017,True
412,0.5368174240750793,0.16284475975520218,True
413,0.965567742600344,0.1411985112445625,True
414,0.5179358800111873,0.17167312024300063,True
415,0.6192316617594716,0.5388383023278319,True
416,0.35211320725560924,0.02059683162211967,True
417,0.2774609244016536,0.9104941844546673,True
418,0.11161425796153523,0.19746340376438676,True
419,0.37731209305043134,0.3639679183778701,True
420,0.48011048353042496,0.7901246067177503,True
421,0.7054696187184402,0.5848461232180903,True
422,0.6264853625297367,0.6501140512822325,True
423,0.919994020216117,0.14606265042002686,True
424,0.7890077959547837,0.45113243914888146,True
425,0.9140753958118836,0.7232217360936154,False
426,0.7451061936892721,0.7151038001179217,False
427,0.4463830953561839,0.31079174256276354,True
428,0.7690103532870782,0.6059790398360116,True
429,0.31001375475033743,0.26597146439232433,True
430,0.1592985393691584,0.511852549805276,True
431,0.24782313492263863,0.7059600703908062,True
432,0.8992836311535705,0.13366447512516455,True
433,0.5165480401259538,0.14083022533281164,True
434,0.30072837857555723,0.2292722438488689,True
435,0.8058028552325953,0.19167324759554916,True
436,0.34037432373409426,0.6414197447189018,True
437,0.12454183795414886,0.6049642642940641,True
438,0.5466417764955267,0.8446298197358173,False
439,0.11262867863985337,0.14540707700764421,True
440,0.7081471875062041,0.14369370000735227,True
441,0.26835144616640283,0.8612994977223803,True
442,0.32991927264360554,0.5564154518063343,True
443,0.7941751683594291,0.4180632783566245,True
444,0.40368619199264155,0.8123013290521701,True
445,0.6957232816231601,0.8638128939467669,False
446,0.5290298918056894,0.3154942352545528,True
447,0.5822900606587728,0.6773223006846276,True
448,0.19954864786433424,0.15720169872618184,True
449,0.5690120362953589,0.6292096148739956,True
450,0.8282291564117508,0.9331508474808898,False
451,0.3602747912320651,0.8455664731587317,True
452,0.4110994116373382,0.04785215194010861,True
453,0.26129386148041267,0.8619048965721504,True
454,0.7596359707204091,0.018468012378148435,True
455,0.12743087085090432,0.5966268793572845,True
456,0.18624940469730256,0.8371221749203562,True
457,0.9492063610292987,0.023340906393751526,True
458,0.2522813537203479,0.11396784313365182,True
459,0.8201729736608866,0.8516296660377222,False
460,0.1665246879758494,0.5435835864003039,True
461,0.926470645235414,0.4485076560058191,False
462,0.4801909585546975,0.9160882445108732,False
463,0.5247624280484141,0.41866701773167303,True
464,0.8391141991488353,0.0835141869873347,True
465,0.8762650943936661,0.30806618932632523,True
466,0.6966036987678024,0.21985744388419237,True
467,0.5888316432653341,0.4210016964830471,True
468,0.1355029485970909,0.08525874034926828,True
469,0.20611349845027704,0.3589946723885381,True
470,0.8682939101730517,0.8520993602267503,False
471,0.9384971505629436,0.4396535329022032,False
472,0.9200940399076948,0.2041862935944272,True
473,0.21296893378301274,0.9284308823133482,True
474,0.6233607607725938,0.26270909689435296,True
475,0.1598221856588623,0.7103069693330782,True
476,0.9156473027871257,0.8198418988554899,False
477,0.9026726304491314,0.5171378537408706,False
478,0.6845965866138186,0.8190552538994071,False
479,0.10857297402665855,0.3121693224258716,True
480,0.7358586842545128,0.8160717391825927,False
481,0.39233241209500114,0.1522961799760414,True
482,0.46398518366452823,0.6244460013465365,True
483,0.9576209057442697,0.7081455676282024,False
484,0.5113140609231124,0.27387898268558686,True
485,0.6336948534372381,0.953544787615071,False
486,0.9393261490269421,0.4109223475125875,False
487,0.13716940830416113,0.9385789747563156,True
488,0.8731269340188352,0.4128005141930263,True
489,0.363581222150962,0.13644394380563907,True
490,0.6064153949514992,0.8381301526545121,False
491,0.24881747337164883,0.37353842654288427,True
492,0.8862298149369008,0.7434554177709388,False
493,0.36597724777084883,0.017344395605186524,True
494,0.27542215935600434,0.6953552414332898,True
495,0.5049874915388913,0.04480737342338037,True
496,0.17244818652306293,0.09986515764484794,True
497,0.8422304189639771,0.587767330062295,False
498,0.14001981823909704,0.5848555848811086,True
499,0.8438168322012207,0.04857819832937027,True
500,0.6905820568042961,0.32134274590774825,True
501,0.5272320046582505,0.4127435504037146,True
502,0.06916459216951498,0.7713797213670902,True
503,0.3892213920576103,0.1629764650514205,True
504,0.46323064545815296,0.6186732083606031,True
505,0.08484730835290799,0.8405525238635804,True
506,0.9032188382649583,0.9082448276832146,False
507,0.18256912965453687,0.5262209792809351,True
508,0.07976441357761144,0.6213978187830371,True
509,0.6537952978811867,0.9186263476919533,False
510,0.940788841305893,0.010370820884680665,True
511,0.3443242722546781,0.14139104705873606,True
512,0.8602404456515901,0.818539787045962,False
513,0.5385403239449017,0.3937423131743689,True
514,0.08029203229949056,0.5882814856340755,True
515,0.11817230264916878,0.4979491221342619,True
516,0.352955056010967,0.41368099587220064,True
517,0.46088642928399604,0.7830773518411159,True
518,0.15105694698004313,0.44815012230817997,True
519,0.07493671641020183,0.28868664092461993,True
520,0.3273498840938397,0.016835972690420475,True
521,0.3138664688907826,0.8901912539727528,True
522,0.7921608241271386,0.3894501136645451,True
523,0.02620805082585287,0.6288022793455338,True
524,0.15404239263947028,0.799323537761704,True
525,0.3689888235311517,0.8528039537781504,True
526,0.5604678859335307,0.323881417393835,True
527,0.8446220993336008,0.20778645271870966,True
528,0.00401246916941822,0.14426110805067682,True
529,0.35111044759001364,0.06510881935688684,True
530,0.5579444863877951,0.46004434860910437,True
531,0.5548757594809358,0.0032939301787771047,True
532,0.803885941415042,0.6206923672969309,False
533,0.6515467301269487,0.41643831899775996,True
534,0.43802198378656365,0.5144026847711192,True
535,0.46418678553911064,0.8200931574428509,True
536,0.9805488376782104,0.7265774101044592,False
537,0.9460022708444136,0.05513474142909813,True
538,0.656156836211245,0.5448676650673433,True
539,0.04857544565836425,0.7929175255444252,True
540,0.9113970913458481,0.6230500101708787,False
541,0.18452067374625725,0.03252973539877224,True
542,0.6776569848316264,0.5461611498603963,True
543,0.9709988424298933,0.3974143502825136,False
544,0.09939927465683329,0.7030893004416903,True
545,0.7107465837152834,0.8232435457291166,False
546,0.09304348990615852,0.9792622874844258,True
547,0.9940618995084831,0.5375726983181612,False
548,0.9477038440818967,0.5539148367572315,False
549,0.24111237822056109,0.4722692158165709,True
550,0.7778106330203214,0.06720800318622833,True
551,0.8084135564436951,0.5002134624431394,True
552,0.03707278556382787,0.25995636636711417,True
553,0.2011502903413166,0.512768881798017,True
554,0.44609597760931075,0.27059687508224595,True
555,0.6109162829089811,0.04488635900030358,True
556,0.17968014915575248,0.6961940319450963,True
557,0.623403552714021,0.34274913492429737,True
558,0.4530872027542542,0.22496388052553762,True
559,0.04873210302281494,0.6861441083387354,True
560,0.5475191870426527,0.12435222867647977,True
561,0.95109434328326,0.9503635601135099,False
562,0.018988466008057592,0.2862685960369292,True
563,0.8809453214767002,0.7237201118150048,False
564,0.289869101674315,0.6363575139297206,True
565,0.8777193823132445,0.5932015303585694,False
566,0.5814558436166235,0.4945494240458177,True
567,0.7443605377124828,0.30698853423208994,True
568,0.9288768591765444,0.5673625627065333,False
569,0.04886134742574999,0.15110620785167717,True
570,0.4875479541976896,0.24349337175819596,True
571,0.9175698399946345,0.7667160607387977,False
572,0.3940557193264086,0.027397982738101012,True
573,0.6415301411174568,0.0154327057340099,True
574,0.5989718765416864,0.4198882564782057,True
575,0.15721743079808903,0.2613604602626918,True
576,0.1792658065166508,0.9928995227870812,False
577,0.968075902123998,0.2198046202726417,True
578,0.3060435524500623,0.4845487366459802,True
579,0.49040240694193826,0.671647461695529,True
580,0.6740906558646657,0.6955618793164514,True
581,0.7612333467768907,0.45818648152409924,True
582,0.8884466538786209,0.1955845114494601,True
583,0.3055234200599516,0.10242314507824701,True
584,0.49447803291695713,0.4664357676566696,True
585,0.562246897582385,0.317863513250214,True
586,0.8481808063758703,0.8457483130495285,False
587,0.16451519694856964,0.618228275970649,True
588,0.8446412480994494,0.8253884400071952,False
589,0.4702210590758825,0.9068632024391304,False
590,0.37367987888124277,0.17424375646071166,True
591,0.9491430078029803,0.41852272168261195,False
592,0.2651695916907916,0.3429569821398495,True
593,0.12878506130058665,0.9967890562336641,False
594,0.13561161349012807,0.9186868448775213,True
595,0.5951201305953506,0.9234100245033128,False
596,0.4854468131777465,0.595904695159157,True
597,0.8257447175338695,0.8738003830319857,False
598,0.12927510028722589,0.7194704902465188,True
599,0.4467821780603395,0.006168373370019076,True
600,0.3727389640471468,0.8905941806454065,True
601,0.23990773658082776,0.20379388364234619,True
602,0.006819145340609456,0.2794232040714403,True
603,0.9722297238259882,0.3750343427425886,False
604,0.6613227444184174,0.06825704226529328,True
605,0.9813933685710917,0.7484717305163695,False
606,0.4286734373602299,0.08037342646527135,True
607,0.5574391419176794,0.5490808223348397,True
608,0.5468703634605199,0.2872138313189496,True
609,0.34842730811313727,0.07788717056710803,True
610,0.774599249516817,0.6248673041839247,True
611,0.9617601951860043,0.8846280081975387,False
612,0.0678746891394667,0.7094480323862009,True
613,0.9245942218947565,0.22569001880751816,True
614,0.37278554623206506,0.41340663681387513,True
615,0.473146584367905,0.06899356646980537,True
616,0.7442332453545589,0.5848015705305484,True
617,0.1955475088733185,0.977373052054155,True
618,0.9002559525660957,0.16103412435988562,True
619,0.6261746449156377,0.37529936619141346,True
620,0.09448097930319566,0.10249206340489347,True
621,0.09399528985071859,0.11877534971858683,True
622,0.6444500306169896,0.5708806895109663,True
623,0.9357830586939033,0.8683677302445042,False
624,0.02077189984033223,0.21852969368159747,True
625,0.817457427174093,0.8394160156488595,False
626,0.48731783888452895,0.2671111426639744,True
627,0.8429813772294471,0.5763151475426717,False
628,0.9279178979634247,0.9567270630085729,False
629,0.7007651044879335,0.5866578998903015,True
630,0.40049172911840125,0.6979632642342881,True
631,0.05897246578487014,0.477476044569103,True
632,0.5629771102654058,0.9301951383775058,False
633,0.36745758770243264,0.03176855223152841,True
634,0.37618216239559277,0.77505498426958,True
635,0.35398879073044764,0.25410580524929915,True
636,0.9451047337238413,0.7585556964919213,False
637,0.20785312711176818,0.5507584112021195,True
638,0.6029739007704308,0.9502101014145534,False
639,0.04342432389293782,0.5774502168013746,True
640,0.646554777046629,0.16008843291884944,True
641,0.7486765606921845,0.6865934529934843,False
642,0.4652403187533448,0.23760344316482696,True
643,0.37135936514310963,0.4631892960842272,True
644,0.4267522181688074,0.883186335651476,True
645,0.5016479681735959,0.3810156618454439,True
646,0.1276268343255027,0.6168292671295864,True
647,0.13564423072374399,0.9694182911204928,True
648,0.3737762303249397,0.19921169174906728,True
649,0.065551476185991,0.03338689326273592,True
650,0.9865663094313721,0.6432620762385773,False
651,0.8202745261676666,0.3300205071812051,True
652,0.30806339096937607,0.23658970268700708,True
653,0.36637487834291116,0.6928081509902407,True
654,0.19470538955396843,0.32765896987580423,True
655,0.540588688736793,0.43484988530806457,True
656,0.8420433496349252,0.4843722077538506,True
657,0.36914497536354807,0.30533494403131245,True
658,0.7204705694936142,0.8174864932447033,False
659,0.0933933611833917,0.5734252311576212,True
660,0.7892385818145475,0.7099253312193233,False
661,0.15552022350646721,0.6424426803140515,True
662,0.9355978063549345,0.47481312195852343,False
663,0.3369042904365075,0.7505206629782714,True
664,0.38000530289740153,0.839771667693545,True
665,0.607695050836218,0.9798966201752068,False
666,0.4783436449395866,0.9409060464680742,False
667,0.7562959928866628,0.7876282555848774,False
668,0.49018244538220845,0.32437335602794326,True
669,0.4286641628510457,0.8885662028101862,True
670,0.3413272797330571,0.6048456253762114,True
671,0.17223899606179705,0.19762501930772158,True
672,0.5071742609751716,0.45630607197761475,True
673,0.5040520255025848,0.034354472940046454,True
674,0.5767808238086093,0.6136789143293006,True
675,0.5253036744202995,0.07499239481419184,True
676,0.7493564376002589,0.8957987693776139,False
677,0.6323751023765628,0.24558898073032642,True
678,0.04963989550686154,0.2668877264078231,True
679,0.9742308377844547,0.9978782912364402,False
680,0.21705856252191025,0.4295161090996351,True
681,0.7890814816974463,0.9811171242469845,False
682,0.6231608761278363,0.24723788943242864,True
683,0.1034526010590795,0.23813626542948851,True
684,0.279216721887661,0.7557895786179434,True
685,0.8157545777015106,0.870614214751314,False
686,0.9763285492982499,0.09850722502197984,True
687,0.16558170342837975,0.4925025805448454,True
688,0.15036041818603896,0.6949706999939089,True
689,0.42636097408143403,0.9723962245683345,False
690,0.49477568232733526,0.4402745063891579,True
691,0.7516046796094822,0.03422134744952121,True
692,0.25409376033245046,0.6899761735815991,True
693,0.7358151115091086,0.7448235057463599,False
694,0.19977366883896785,0.27968550997118125,True
695,0.528697423506493,0.28037809200706465,True
696,0.7813671475538136,0.48337105118925294,True
697,0.30812819326233254,0.7623354460430768,True
698,0.01112002581817928,0.6724836140674231,True
699,0.24410945902273506,0.25568194748170026,True
700,0.7983746809083665,0.16291716109762056,True
701,0.18668951538660072,0.07035801059284252,True
702,0.2947011236963739,0.08904328795758343,True
703,0.4121296501617583,0.27683054785830885,True
704,0.583327059956326,0.5303590123908241,True
705,0.6513465399754558,0.13990651930418563,True
706,0.9073839699541323,0.7697589630197457,False
707,0.41584803737375586,0.11492973948981955,True
708,0.024322639869522433,0.974298987582142,True
709,0.7610386406526373,0.5913542950026628,True
710,0.6459983422966931,0.7407916521950129,True
711,0.707390615890564,0.3785488808302958,True
712,0.9418889767134293,0.19616266697271323,True
713,0.9684144647355948,0.202621442638663,True
714,0.45604717595194844,0.6048672081666058,True
715,0.8092094131160048,0.6662966328818877,False
716,0.9752625961498389,0.11713377227749244,True
717,0.47061383565767023,0.008749993511443677,True
718,0.9254549485716622,0.5612431089320848,False
719,0.5058700590631517,0.011631017283995404,True
720,0.1094676912084186,0.2560511185191847,True
721,0.8913822758206718,0.5071704336144542,False
722,0.5885985330918194,0.44947883368958064,True
723,0.831495407629151,0.5736214958947976,False
724,0.12048181155612614,0.5318107662247461,True
725,0.4526208070673542,0.9731921453829544,False
726,0.2921407200475753,0.046439166294084955,True
727,0.4681601473315241,0.40423688562785176,True
728,0.6195003839987018,0.5695721516852293,True
729,0.7859925951128762,0.596754626214262,True
730,0.2873733103582413,0.3038707385378192,True
731,0.16727229889403494,0.7482410738821447,True
732,0.5900286660074714,0.5872194845909534,True
733,0.8600886297121803,0.7694892082911431,False
734,0.5545239117340786,0.8154972270142213,True
735,0.8646963384918205,0.8829415595632889,False
736,0.6322294124410073,0.5290111764163864,True
737,0.18429647726440546,0.13551531631284808,True
738,0.033010139256658744,0.29792941788872895,True
739,0.3509795128681099,0.03226787842247658,True
740,0.8854430765357586,0.642835847942721,False
741,0.673756336922125,0.059661378220295824,True
742,0.5344754319825914,0.35687614258604927,True
743,0.21265236491752593,0.5046660310053782,True
744,0.48363613577531706,0.8419608175379437,True
745,0.19639346667863666,0.2692450259282051,True
746,0.032177498518460856,0.7825381382468194,True
747,0.6410054719360999,0.44287091388132194,True
748,0.2708015549326146,0.2537210667802331,True
749,0.9195675964492469,0.8641442291406559,False
750,0.9419053326452922,0.39046876363832006,False
751,0.020306166208023724,0.6122416167671944,True
752,0.04841182038016911,0.39926037419325366,True
753,0.03156262753313066,0.8991737090324039,True
754,0.19302268927700972,0.5730412779270562,True
755,0.8362488286027505,0.7406688122569262,False
756,0.7005180943588877,0.052445416736632944,True
757,0.31133306026232466,0.45131753687093634,True
758,0.024274031319224787,0.7675134934929673,True
759,0.5487916650657519,0.6330713410510036,True
760,0.7923784136505602,0.13256764402555554,True
761,0.37107408195855796,0.6495604119330378,True
762,0.9092702998008424,0.236486852622512,True
763,0.04131497057332045,0.9155513281914296,True
764,0.19819992897975325,0.7986923220699254,True
765,0.786233256017561,0.1826908308399655,True
766,0.3993338928747251,0.1960073156833928,True
767,0.966254952555868,0.23376092530308534,True
768,0.23428714940105855,0.9063104626599922,True
769,0.12511927051608507,0.207793783283308,True
770,0.7178647133456332,0.46902460148582814,True
771,0.24599104018963325,0.7257099596232274,True
772,0.11778698847296853,0.47204620692106924,True
773,0.022920855089271885,0.05561095674748817,True
774,0.944690290821987,0.09350462662898695,True
775,0.6992842701409083,0.5006563403847903,True
776,0.6483234413688646,0.6973776260875003,True
777,0.9975886421752058,0.230327036732781,False
778,0.7496615409533357,0.187849706120912,True
779,0.21480935580873695,0.40125468181843527,True
780,0.006454989427202684,0.4230958401250734,True
781,0.8919626807173373,0.23938473594901954,True
782,0.5441551471027998,0.5882282002786141,True
783,0.8146111222574806,0.39482141348957445,True
784,0.9400839206057385,0.7975267522579396,False
785,0.272925806768772,0.7801200653243756,True
786,0.07888789022825882,0.587121705538941,True
787,0.5903452790068511,0.6145591007800879,True
788,0.059799291189176484,0.777013667514613,True
789,0.7312904066635129,0.0541667727893963,True
790,0.024051062813689295,0.7409953844438261,True
791,0.1723439764513629,0.567195774899315,True
792,0.37161722715569534,0.1936489567915819,True
793,0.6378766718733383,0.1250113456763433,True
794,0.7223183968654412,0.31033401771976743,True
795,0.1446511179517077,0.4677339401944819,True
796,0.3667317404893996,0.03182949963890769,True
797,0.041791592588790616,0.9002166537777134,True
798,0.5945599978903113,0.9578689872589132,False
799,0.17679800571336612,0.506614287114249,True
800,0.2142937605865548,0.11780419864848723,True
801,0.31743957404365564,0.8260159220972121,True
802,0.07311167709176347,0.8839937377530594,True
803,0.5201928960544886,0.6396115954222403,True
804,0.10376496291469561,0.42066297800554786,True
805,0.525431062965572,0.5041985328478318,True
806,0.9260299618531689,0.4668625126356525,False
807,0.4728194972987111,0.6028495841347138,True
808,0.38264047586998795,0.9455714563158433,False
809,0.23372459047904548,0.4925855804964765,True
810,0.999808965341417,0.8093043204953072,False
811,0.3054149433946255,0.3106835056502315,True
812,0.7218398871976541,0.11664362539943363,True
813,0.9928385867246768,0.1489169410342993,False
814,0.2669188989581296,0.7407070101249421,True
815,0.1628927007155203,0.31972806341668447,True
816,0.4744043345797343,0.4950845769636987,True
817,0.2890246723851855,0.022839879725747192,True
818,0.8542014673611746,0.2698633056409656,True
819,0.15440064530582165,0.5663425908862955,True
820,0.1367707455064605,0.1959204515111307,True
821,0.9272883384310661,0.03567184322919992,True
822,0.7772074998462355,0.842365044370048,False
823,0.07010022707666186,0.24180621093921373,True
824,0.6978381544082222,0.3228129718963366,True
825,0.45347502961782993,0.43502456619751206,True
826,0.2270633833638519,0.593139589287127,True
827,0.11172473085902901,0.3682900264515333,True
828,0.8356028723902585,0.18525639640963132,True
829,0.3306366273210237,0.5138896266619675,True
830,0.629985134909846,0.9045398098766642,False
831,0.2614301709689012,0.4872739460547393,True
832,0.6998136612854335,0.5179639657758394,True
833,0.20086931080321846,0.20418635966222676,True
834,0.6587339188263991,0.22337494775812705,True
835,0.5948496121694231,0.9111923421752621,False
836,0.37317755293623645,0.6727725298949022,True
837,0.08876710160642987,0.816562096044075,True
838,0.67998808376208,0.28172275909200883,True
839,0.05610064713849605,0.10493971000494884,True
840,0.8097578458572211,0.04777000438140944,True
841,0.870651244734268,0.5223230033316691,False
842,0.46586001187935533,0.3690622525202789,True
843,0.531955227845522,0.2496817359226282,True
844,0.9769582143413582,0.9471620712014247,False
845,0.5736984489087465,0.1209879344477216,True
846,0.22258557868483309,0.7504565880434204,True
847,0.8364483739005971,0.47952122269499187,True
848,0.41402647542060333,0.019221283662115174,True
849,0.027802694346435453,0.42882224695048776,True
850,0.32709715450447996,0.15623614253879314,True
851,0.6500847940328118,0.8661184130808413,False
852,0.041389604269644,0.2017208774179058,True
853,0.32911058200462084,0.5739989474176516,True
854,0.4382056515767988,0.45766718841662235,True
855,0.26055180984103177,0.5723393988246027,True
856,0.8528262186506405,0.2762460371833163,True
857,0.4944575430018373,0.5751656201073176,True
858,0.0776301945768667,0.7533733259672885,True
859,0.1875200350038504,0.9688701291627024,True
860,0.48423449614321623,0.6717646546959174,True
861,0.2442218822182941,0.24031530596538908,True
862,0.7937230695317236,0.8038615303143214,False
863,0.28876658377668607,0.8422868977636927,True
864,0.5963081030751833,0.7154278963457231,True
865,0.9538553541505934,0.5098215640191174,False
866,0.9453069643933566,0.7350437306578089,False
867,0.7104734103615876,0.07105410763424957,True
868,0.9276648982214236,0.8836280509901439,False
869,0.35026479131835975,0.249310670166767,True
870,0.5181284477019334,0.4965997945150231,True
871,0.4099092399964591,0.3192858403995611,True
872,0.7651213168540884,0.3144216769575181,True
873,0.4944588725910678,0.9579368012263123,False
874,0.59114757054351,0.7474946195182057,True
875,0.9628177964896589,0.2333841977868053,True
876,0.2827562662866856,0.12923220931367196,True
877,0.9727855922042036,0.5220075583160501,False
878,0.13543170930137172,0.7788905850030887,True
879,0.17925239995118236,0.7807051385735401,True
880,0.12923659781740193,0.3162617276716573,True
881,0.15281705695197523,0.453561230210478,True
882,0.8081863014240218,0.8531604227620543,False
883,0.7073674392472044,0.03147910133826126,True
884,0.22399715086248584,0.5876928593591936,True
885,0.11049103616476463,0.2906253407163558,True
886,0.16838148663188934,0.022216702291619206,True
887,0.8518920695147141,0.3554096587005374,True
888,0.5920868250206535,0.9291732407042377,False
889,0.04348322154912099,0.9541906187170901,True
890,0.4376718516223428,0.42515432140759113,True
891,0.7633388603574098,0.3788629134069631,True
892,0.799083667376168,0.6538691649576304,False
893,0.0978887347398203,0.27025855019940037,True
894,0.05494359472277921,0.19993485014432688,True
895,0.9931077849459806,0.6845663879616235,False
896,0.5647064732303463,0.8247722564489126,True
897,0.7619808161251493,0.9517409997518704,False
898,0.6812229365877208,0.3341394155799037,True
899,0.05959897546649595,0.46641516548186934,True
900,0.14651376029764274,0.7513945123743702,True
901,0.47337192677398554,0.04653463452535911,True
902,0.13558785739102686,0.6731498374169553,True
903,0.05964249037521696,0.9421037499550176,True
904,0.7081139631671886,0.686099470837868,True
905,0.9365236217004433,0.3738961557730691,False
906,0.30284454451915277,0.10124513307465488,True
907,0.4191913437198701,0.8118961352105611,True
908,0.19817147398739754,0.7784075039188437,True
909,0.8328953669459566,0.5947802106760541,False
910,0.293256149414426,0.15787294070718938,True
911,0.15703458624454358,0.3187512601574737,True
912,0.4506790875749208,0.34364091647461836,True
913,0.09406334558688334,0.6023723100876442,True
914,0.9448384702758617,0.4623965558260784,False
915,0.7286084679122551,0.16568045447650925,True
916,0.7501657490073022,0.9297856454073953,False
917,0.3423901338817318,0.05615754001230189,True
918,0.1270302549520138,0.3823921809419446,True
919,0.6711150915232077,0.5154732797847179,True
920,0.4276399742702539,0.555130569966273,True
921,0.22769152419298033,0.17358373481458755,True
922,0.42493067065152534,0.8311382189842474,True
923,0.38148924602236045,0.17438472847536923,True
924,0.7829727363499285,0.7180189486343811,False
925,0.6427453880617795,0.47686679832179335,True
926,0.21965589210784042,0.3375799384374383,True
927,0.1273969438518744,0.6713406597497933,True
928,0.8333778955594987,0.6134468510304643,False
929,0.03830532403147302,0.17974731641291475,True
930,0.22482352171447817,0.9957612149692963,False
931,0.22264114528404588,0.1518198726232769,True
932,0.6222914198690097,0.22112800718980075,True
933,0.22359455624997593,0.2613847769507275,True
934,0.6027110269106573,0.39210566759597987,True
935,0.3907841360011358,0.7467300295983599,True
936,0.9655694325305864,0.28219061718282157,False
937,0.19043540966505224,0.5053172850903842,True
938,0.7352628331236448,0.6587709313070753,True
939,0.20416372343514977,0.07381128571824669,True
940,0.8136691715970268,0.7154883454610621,False
941,0.3093616340211457,0.7589994490979477,True
942,0.38488908108413245,0.5352464999507267,True
943,0.14268622153768784,0.5695921754901244,True
944,0.9154571008731758,0.021152209686848278,True
945,0.3708047546642975,0.933420843147108,False
946,0.4158694032035052,0.21117289026251673,True
947,0.4131437995404913,0.25266874738643574,True
948,0.16693409595276154,0.2371736658187259,True
949,0.720248415884565,0.503892730219993,True
950,0.4189417354701188,0.06014699185292649,True
951,0.43001816402921456,0.38864568029703683,True
952,0.3433053132877958,0.8081114657343836,True
953,0.08414126958035628,0.6324238518934785,True
954,0.25520957016396595,0.8497791423658694,True
955,0.015391669191009982,0.673435723446828,True
956,0.5850998229604557,0.08620619426180587,True
957,0.25455969313799187,0.08722324889345179,True
958,0.3528481767763496,0.0006124517947617703,True
959,0.6310378348547213,0.053199897136737895,True
960,0.432581534138344,0.5307495303908503,True
961,0.37626018157142116,0.797046741177962,True
962,0.4741614059261069,0.8618302284653108,True
963,0.9830716740504073,0.9841732661835837,False
964,0.17193216753070995,0.3602034180264446,True
965,0.42921786347303903,0.22430922995070535,True
966,0.2955603057930323,0.6114695801876224,True
967,0.1453794774692705,0.7075710867205386,True
968,0.19877452558973907,0.4170162030480735,True
969,0.4159876012238355,0.6844818059651161,True
970,0.4071681551469254,0.3652063498030629,True
971,0.9033748198730597,0.20291959446031382,True
972,0.013162897263777729,0.43975226198043404,True
973,0.2504116279232277,0.8773287264080569,True
974,0.634185008981322,0.4031595679388168,True
975,0.8320780988490003,0.553315485673388,True
976,0.7105481008788513,0.3692780435260913,True
977,0.8940862917874872,0.5814385490957859,False
978,0.6718941030111308,0.2855452512444353,True
979,0.9061842185708879,0.10531989556013044,True
980,0.6405955525885767,0.37833710687556465,True
981,0.9904049390697665,0.2528177052701087,False
982,0.6661157279341532,0.1346108330028598,True
983,0.3174672030766206,0.7359265762476079,True
984,0.518475485064377,0.2646669116108994,True
985,0.8732033003089932,0.27174913785605426,True
986,0.2044433030106505,0.41134150763186406,True
987,0.5556498948651338,0.1945568533475267,True
988,0.04168913640238692,0.9561013166539915,True
989,0.8679728109035437,0.41305714075802347,True
990,0.611568833017974,0.872163898317755,False
991,0.19594656613921868,0.8431412625758764,True
992,0.4154317696620813,0.4854058596921822,True
993,0.2361560928508546,0.0021153430903231296,True
994,0.5255760728518863,0.49154507555373306,True
995,0.5478170030172369,0.711437628626848,True
996,0.3399663623687127,0.23872799833423508,True
997,0.2314556860139657,0.7674625682038954,True
998,0.7738687969297108,0.5607677217038786,True
999,0.11538140954245346,0.049606610105840665,True
1000,0.1684610664092948,0.16569117678640277,True
1001,0.8805208833343303,0.9891278067427115,False
1002,0.11448581154982618,0.11607641643599276,True
1003,0.13011089690973598,0.16667483892467194,True
1004,0.8423899513581883,0.17469123525328156,True
1005,0.6450757236244682,0.5479734071612006,True
1006,0.24206303576882415,0.38467173017056755,True
1007,0.31996657514329496,0.10752910028393581,True
1008,0.9140517202790189,0.44886489273607155,False
1009,0.06135958999376845,0.2706196287591085,True
1010,0.3459502578148165,0.4059850979510685,True
1011,0.8999645794062343,0.24221242582824243,True
1012,0.5662620940898538,0.6349163701915242,True
1013,0.7870954264364791,0.48127599209606986,True
1014,0.10579765020789744,0.14722510343453843,True
1015,0.8869809268430664,0.025427092362406034,True
1016,0.488110729696978,0.06321209668561578,True
1017,0.599011004947023,0.29209456876128836,True
1018,0.6609070072577786,0.27461332836846963,True
1019,0.6281905477906056,0.16507910528001946,True
1020,0.3614951540965732,0.12948497278676951,True
1021,0.6480058103386516,0.8345934093238366,False
1022,0.732364565206282,0.8597451982148681,False
1023,0.4107848206091822,0.07097748755885824,True
1024,0.39622654976672733,0.032395762822025165,True
1025,0.4826632802994827,0.6147827118714779,True
1026,0.24234694675692647,0.4972254584245732,True
1027,0.6138679503564638,0.3325630757967527,True
1028,0.0009063680245345873,0.20459811183543652,True
1029,0.3980275591292509,0.889389645381538,True
1030,0.6581315084739465,0.6822934095045041,True
1031,0.5252646393673933,0.3205660056613693,True
1032,0.14281095435702595,0.42383611080259653,True
1033,0.28626406883656397,0.6719610729570598,True
1034,0.09057226818964903,0.8654333458762133,True
1035,0.6296989414782216,0.1273354227449317,True
1036,0.7663240317720275,0.517767651858419,True
1037,0.5519442370348691,0.9669041263833376,False
1038,0.7857374175139318,0.2942410673319421,True
1039,0.41969826674504285,0.6210339238614794,True
1040,0.19685644471419006,0.11683618081208991,True
1041,0.3158165679479715,0.27450352162119473,True
1042,0.5774444531576223,0.25565773598257824,True
1043,0.4505009569439028,0.024319476724945832,True
1044,0.9731460800603855,0.1617784511255046,True
1045,0.8645071942256344,0.5724157623632986,False
1046,0.5556412086763007,0.5426222854199434,True
1047,0.9104549740599218,0.9267645209873961,False
1048,0.16330368525995564,0.31663977560980394,True
1049,0.012217479177656032,0.5700260264412972,True
1050,0.5658851292243384,0.8777029587011855,False
1051,0.5662896427741981,0.5187130087942552,True
1052,0.08109281249780065,0.8128252882077188,True
1053,0.6114423839782638,0.6000879665275262,True
1054,0.011148923748546147,0.35302421179039334,True
1055,0.12365543243726895,0.32956476249984334,True
1056,0.00878328055348776,0.44810746579823024,True
1057,0.8828222793530527,0.7151907535985468,False
1058,0.005673209092787013,0.36652107607318096,True
1059,0.06787664247634917,0.7690040769084396,True
1060,0.6889509889846583,0.3033740357599911,True
1061,0.04380610335345969,0.3032712125954773,True
1062,0.9990045077491894,0.10130607620299492,False
1063,0.09542317206605777,0.5507745258079764,True
1064,0.9237264783062961,0.6780590772521258,False
1065,0.24019980709862765,0.35470737553241904,True
1066,0.7351386834362075,0.2417953066404085,True
1067,0.24563178983242062,0.8464173858716123,True
1068,0.22285789526213728,0.5038016744683164,True
1069,0.019004740222402283,0.9434182410535378,True
1070,0.9345832780141842,0.04066738843171891,True
1071,0.2421023617107163,0.8674729842252952,True
1072,0.774883706959689,0.09306213022299148,True
1073,0.9303484939041411,0.6397597794573296,False
1074,0.792464242407728,0.8633364963199223,False
1075,0.8344439772914687,0.31458360362872373,True
1076,0.3557804337194319,0.4076120380023478,True
1077,0.9059395434567795,0.5698450305152569,False
1078,0.3151839807349205,0.08510719667322764,True
1079,0.6631784037579286,0.8957793013683651,False
1080,0.28104787235649553,0.0013549484161865522,True
1081,0.158347587079944,0.8320874487889471,True
1082,0.6408628250709303,0.24094568667255012,True
1083,0.2134241022758333,0.03469751071541438,True
1084,0.39790385665591976,0.23690616962649402,True
1085,0.2090956091370415,0.37064054730025775,True
1086,0.7880977412889654,0.3405013426475001,True
1087,0.9640291576905433,0.5116855921076164,False
1088,0.5769465880889739,0.9777242726620764,False
1089,0.6536814622393982,0.763522360132039,False
1090,0.7994126635204338,0.9007929982882037,False
1091,0.8958337560061469,0.14321163276021576,True
1092,0.009957273891904816,0.35204864505434985,True
1093,0.8876682016856071,0.6498456490599813,False
1094,0.10955920449275691,0.8591282108213522,True
1095,0.828188096889898,0.595724714306126,False
1096,0.34413403396833786,0.7428497659784071,True
1097,0.4460681419386975,0.30341343711581636,True
1098,0.7524613908860912,0.7788010537663751,False
1099,0.5438655179973052,0.6831515981341145,True
1100,0.00945291898595324,0.5263370767467866,True
1101,0.021972070166054403,0.5006812887310771,True
1102,0.20348301367104316,0.3896748265701617,True
1103,0.2759666535206938,0.48183564997079,True
1104,0.3202970302229826,0.4873205873443016,True
1105,0.04056015627836118,0.2545250303030612,True
1106,0.13883038151738436,0.2585468337063115,True
1107,0.2673828389235883,0.4788719488247548,True
1108,0.3288018180317962,0.5430935660424717,True
1109,0.6309121865683037,0.28122256370668997,True
1110,0.6906446147178643,0.6134286764746807,True
1111,0.5531183722292078,0.6912202673490345,True
1112,0.7647863570110413,0.9772944514353397,False
1113,0.24984245847285091,0.8911248332704848,True
1114,0.12326634580999862,0.8829627607253809,True
1115,0.8214122808917164,0.8261754420577936,False
1116,0.6389243869558087,0.4131411161464096,True
1117,0.7987592020548197,0.3538728607948477,True
1118,0.5229231144476777,0.5910128261415032,True
1119,0.1740665787861102,0.33904605374691743,True
1120,0.53167360147332,0.7631754206964192,True
1121,0.48312913056551354,0.10748872042660895,True
1122,0.7556478800863273,0.33408687762061984,True
1123,0.06447995205233537,0.6426530488394169,True
1124,0.8642087794671138,0.5282511165313607,False
1125,0.6600585383566542,0.43993319467320147,True
1126,0.19830600294748013,0.0394316473162587,True
1127,0.8634870948477439,0.1937779124569925,True
1128,0.15156997867223998,0.3629474119954882,True
1129,0.2489921287158008,0.7670647423691891,True
1130,0.39553054367831153,0.9214668557349235,False
1131,0.10488369283987675,0.04179293617298707,True
1132,0.9886973669596696,0.3736863237397122,False
1133,0.7636357932140049,0.3110254828168042,True
1134,0.6369501101073178,0.5519797935159767,True
1135,0.03689690727026829,0.11152812046191385,True
1136,0.13389934396640024,0.7499518364171593,True
1137,0.6697081590074038,0.3409356011875748,True
1138,0.6279129182401572,0.042560297396303404,True
1139,0.9862009857454564,0.6809375439543732,False
1140,0.7139924695005583,0.34885551401072745,True
1141,0.274280227635867,0.41687038446609814,True
1142,0.24857356093599403,0.4417921429877264,True
1143,0.17088667017504355,0.5253963448117462,True
1144,0.15749460005805738,0.8210973248455214,True
1145,0.5797215255106875,0.37584060090681815,True
1146,0.2886112495256873,0.6740339939200329,True
1147,0.14320357102736936,0.5403575502720934,True
1148,0.5812634012486355,0.5620939755190861,True
1149,0.7480905166281742,0.16833646762492882,True
1150,0.9675682893483295,0.43843895352957807,False
1151,0.9470205114912397,0.3959240027054498,False
1152,0.28462768256178206,0.41785948293244424,True
1153,0.6304213772458204,0.7878547413757331,False
1154,0.5150937163792321,0.841263510660449,True
1155,0.7607885511672012,0.11988271184209665,True
1156,0.14613430435416574,0.1528631966634274,True
1157,0.41513681013306025,0.22625273371570453,True
1158,0.7731660702372959,0.13311394953435496,True
1159,0.5538533104475591,0.1726950840068615,True
1160,0.30713174750233074,0.28302551211852145,True
1161,0.783255602418056,0.671159042071527,False
1162,0.3812438564012859,0.7873232452404556,True
1163,0.15545561040491218,0.3723533520823,True
1164,0.6274775252059807,0.24801206445965984,True
1165,0.2582404943972121,0.8359512496024555,True
1166,0.3655174364790287,0.7936677486796176,True
1167,0.5514471071763898,0.07013530958504521,True
1168,0.5579836638342424,0.7037251553761263,True
1169,0.4169379801651849,0.6111922944901285,True
1170,0.825170019305967,0.9802811223599611,False
1171,0.7224238024157228,0.5711331324375444,True
1172,0.23713152445224006,0.032155638003677156,True
1173,0.7073173151148543,0.40246066568869177,True
1174,0.14083104337000407,0.832484311095124,True
1175,0.44221198752479096,0.170316170815074,True
1176,0.1105057414790176,0.19232298234759515,True
1177,0.6850287423177762,0.056185257952411805,True
1178,0.9148765997189755,0.10282784711728232,True
1179,0.9337050705724493,0.6134245753222459,False
1180,0.04283155489712953,0.5454420341573051,True
1181,0.9195524709331473,0.22666912409108164,True
1182,0.9680205851108145,0.8916996018050994,False
1183,0.3788588898379517,0.5883453614411354,True
1184,0.05783455926787906,0.3943979307761696,True
1185,0.34630771229791,0.2353767704907479,True
1186,0.5794774773637131,0.6808503295650049,True
1187,0.6963679056759683,0.21670102983079498,True
1188,0.3240299893605728,0.37636779722689606,True
1189,0.7417910586053001,0.06824956904260038,True
1190,0.6558098248003034,0.062216724182875716,True
1191,0.5034232834661668,0.03860677419319658,True
1192,0.23089779250999598,0.919123425024935,True
1193,0.02180638725988826,0.42628291129171303,True
1194,0.150615368992438,0.08962848572812943,True
1195,0.8064428156583573,0.2777500284778267,True
1196,0.4535831772691997,0.3629577885623153,True
1197,0.2952145600201348,0.44381519015776905,True
1198,0.22635275682062872,0.6393898284080651,True
1199,0.1970648457364793,0.41863657140312793,True
1200,0.16150100051956318,0.8376982727475641,True
1201,0.550444439502193,0.543612799070814,True
1202,0.10344343020282565,0.8110811606812364,True
1203,0.26616691195877573,0.3653061032211631,True
1204,0.9453325841826511,0.07421357133385476,True
1205,0.9648403790102628,0.1003297232465099,True
1206,0.8725541311024271,0.5349523716715684,False
1207,0.3127158498163616,0.6177504435432897,True
1208,0.8579750483537965,0.10359673676008796,True
1209,0.21261463045192242,0.33703933656313967,True
1210,0.5025077815646075,0.21884384032750304,True
1211,0.7104117778231203,0.6735351484153991,True
1212,0.21638508715302818,0.4794087935723521,True
1213,0.08772200983586409,0.642524719296998,True
1214,0.7111191366262124,0.9663564294665272,False
1215,0.7161077773371838,0.3734550791611634,True
1216,0.7885682566164959,0.36208658142483496,True
1217,0.3264989556531922,0.004192789566406452,True
1218,0.3233524268240183,0.1415790810522899,True
1219,0.652676409116368,0.3938116203371227,True
1220,0.053794799357686385,0.31125592201384056,True
1221,0.3107922062986407,0.6942510491575451,True
1222,0.7310891770522783,0.10218800377355741,True
1223,0.17874401989266808,0.8967701533551311,True
1224,0.7426064434556755,0.06546238970958851,True
1225,0.8280697119612437,0.11955899698507721,True
1226,0.11755403186759272,0.49224136122509665,True
1227,0.03884543869567425,0.42709358958867316,True
1228,0.5049046993737702,0.3339280900912718,True
1229,0.014615303914568,0.1912022727601541,True
1230,0.9514894159460685,0.5446881996391751,False
1231,0.7162855085810121,0.05389174136050834,True
1232,0.11290499364974815,0.5491717213724898,True
1233,0.15250047556798307,0.8629092108385843,True
1234,0.34130783712832036,0.6730488407081316,True
1235,0.7414532991818424,0.7205151294143373,False
1236,0.8693793483800443,0.29223438524857026,True
1237,0.46281695376914134,0.4928628370487079,True
1238,0.23758588135329195,0.23192147963826604,True
1239,0.4485157030557151,0.45242016806660157,True
1240,0.06903875831460693,0.7691155669663894,True
1241,0.19302569847993134,0.12304306718343083,True
1242,0.24948671609037376,0.26371851077143094,True
1243,0.07279954516942722,0.5695350181323952,True
1244,0.8111564660745241,0.11731219517871894,True
1245,0.4325034480955029,0.2257137614674758,True
1246,0.11307122933798452,0.1669026592693651,True
1247,0.44412373414924466,0.7267324400359491,True
1248,0.31270415851861344,0.9566844629959413,False
1249,0.10189936720165704,0.7489066041621049,True
1250,0.13639457371177288,0.3939823544279685,True
1251,0.8423932351899169,0.8956184221534369,False
1252,0.04497874315075734,0.11787641545043814,True
1253,0.5387327679504363,0.04679164153698967,True
1254,0.44312704036019923,0.9535346615967822,False
1255,0.30579838052960195,0.6362744568901573,True
1256,0.7487787710625492,0.5714602116439844,True
1257,0.11037776963320389,0.680255071069929,True
1258,0.7981712665252126,0.9353440864573399,False
1259,0.8167749520900968,0.6309265417483394,False
1260,0.7669141821527372,0.017779504717347128,True
1261,0.7784683032196521,0.13423345142272836,True
1262,0.07087617793245227,0.7511130401654919,True
1263,0.5120135385736745,0.1112440442759397,True
1264,0.21146992547024934,0.7959239095137257,True
1265,0.1666194033514412,0.25419801173466905,True
1266,0.41891013382395703,0.4252278276055893,True
1267,0.7186592132489703,0.2610331553197883,True
1268,0.6649428953344291,0.5048753727255357,True
1269,0.5173835584447116,0.009879880324063395,True
1270,0.6490531754764769,0.9666238607850702,False
1271,0.22461731282623698,0.9534544840106144,True
1272,0.31239971821478385,0.9516039744235881,False
1273,0.9366289795037875,0.09462555708621678,True
1274,0.5792249817827683,0.5555993184234654,True
1275,0.628009476167121,0.3403750915766718,True
1276,0.5346114795532532,0.28392684642753374,True
1277,0.7583759178449497,0.07242951774892026,True
1278,0.8315111576370997,0.5612453286761728,False
1279,0.08699061069404224,0.8023601832474064,True
1280,0.5634021709048751,0.19586292978458641,True
1281,0.49337013633559623,0.6001045210581075,True
1282,0.7802495345861613,0.12136425251374316,True
1283,0.5028499721862966,0.30599847551187687,True
1284,0.2960131347787749,0.3004423551363,True
1285,0.16042297429248287,0.5617241853966959,True
1286,0.7665826646728874,0.13183034860889264,True
1287,0.8715664547173064,0.4291102428646184,True
1288,0.03333006454724485,0.9991785565137965,True
1289,0.14154325805201262,0.4435909701018972,True
1290,0.7789617821505598,0.9643568526878374,False
1291,0.04949433340684051,0.2801707416093546,True
1292,0.45998809113470185,0.084609196710009,True
1293,0.19217654336189494,0.21819246656534252,True
1294,0.0003696564660391477,0.27339623808603497,True
1295,0.957398147076144,0.9856935850168818,False
1296,0.027712990780208502,0.4881003215754792,True
1297,0.7528411992087067,0.49352484323382684,True
1298,0.9703017139269046,0.6587025359490494,False
1299,0.1723950758306384,0.25936433297768646,True
1300,0.47020313665648283,0.8558372430144994,True
1301,0.22075541642035412,0.05841500589541282,True
1302,0.0021974717569652746,0.0011543952997662421,True
1303,0.7233464856044267,0.7155760913232216,False
1304,0.9699723328571282,0.10268707425117707,True
1305,0.3895483168242724,0.67966541923939,True
1306,0.03918752045514173,0.9229437866149405,True
1307,0.021560489028818575,0.7671608051302768,True
1308,0.4842795677442858,0.6540351679084421,True
1309,0.6520659935384081,0.3310125876164678,True
1310,0.12784510952465222,0.8847007538807874,True
1311,0.6675993157463919,0.9061224334627961,False
1312,0.34531672673576297,0.32940512315894077,True
1313,0.9492020474836234,0.9107692928363854,False
1314,0.13703388742893663,0.3239618304713525,True
1315,0.1650827180135106,0.7279549088481797,True
1316,0.43763421779246325,0.3961187564448383,True
1317,0.2415978049074874,0.9649958976136346,True
1318,0.8094390059293274,0.585597880000387,True
1319,0.6835602342678734,0.9962984036830055,False
1320,0.10172888874867991,0.5553923065021207,True
1321,0.6495169256213452,0.4731364013312995,True
1322,0.7803922649015129,0.004200507229962902,True
1323,0.7980391311170423,0.30919571019347725,True
1324,0.2594411922579223,0.5907053123228403,True
1325,0.3962288424893511,0.07672190257860179,True
1326,0.6529281410191962,0.7612024922344225,False
1327,0.39447761832111083,0.8792570206966929,True
1328,0.04046108540220528,0.0027649794898488844,True
1329,0.6726056817541782,0.6925561918955642,True
1330,0.3343315354652938,0.08723548540945736,True
1331,0.6863013030645257,0.2415644005376012,True
1332,0.5874796213894543,0.010733413864456365,True
1333,0.753424037207281,0.6832749941201841,False
1334,0.21890517532580245,0.6811652878958956,True
1335,0.002589936625371436,0.8180027496054473,True
1336,0.8797651287386746,0.101329414532219,True
1337,0.08641164203293228,0.36317613481829203,True
1338,0.773810637660241,0.6950609626133032,False
1339,0.49335634747791635,0.5637319780021205,True
1340,0.1772166472038883,0.8660291543885877,True
1341,0.6423363698872253,0.18714221376053364,True
1342,0.5217786675697267,0.564855096321607,True
1343,0.9358210752874427,0.9353189487974671,False
1344,0.8611648138172073,0.5912715718836478,False
1345,0.07083013872057564,0.56088394473939,True
1346,0.4452796234721086,0.5146491322160319,True
1347,0.38016521081944843,0.36725605853651455,True
1348,0.9762548578511562,0.490979471186884,False
1349,0.5172656566019523,0.17988646078273773,True
1350,0.04148200601837515,0.1653818885635887,True
1351,0.23572379414776867,0.5235718838630457,True
1352,0.9602189842799992,0.6821237405054965,False
1353,0.16053979140713193,0.9833118589035778,True
1354,0.23202222191482302,0.47535888852220576,True
1355,0.6029847688397266,0.8188230917189951,False
1356,0.5151554210445264,0.8120929022613828,True
1357,0.06153883046788822,0.02260173992036274,True
1358,0.6888394906399905,0.11517107278170058,True
1359,0.9552862163672718,0.4688912876642325,False
1360,0.20067369261358414,0.7435750752075422,True
1361,0.004928734809827695,0.9028824826656652,True
1362,0.09594226733105127,0.9113970050740172,True
1363,0.4300478400187495,0.6306931927468947,True
1364,0.1337588087326299,0.5847574366605963,True
1365,0.9951945293893267,0.7335570433016602,False
1366,0.07301787188497522,0.42973967894990583,True
1367,0.4255693004318484,0.5874310266052183,True
1368,0.6792955934944218,0.6789737933000735,True
1369,0.5411918210657971,0.2023467511427034,True
1370,0.23058247926364683,0.6328259722308636,True
1371,0.7315926036861233,0.553439790222505,True
1372,0.48304109421286634,0.9297612036515364,False
1373,0.35489171025849864,0.8055482242841939,True
1374,0.5195776994238753,0.018396721282835538,True
1375,0.9504820402650581,0.0008548659025923167,True
1376,0.45147311246501387,0.5126154154959605,True
1377,0.8549397386633996,0.2691382804884688,True
1378,0.2411096198334658,0.8894746820551742,True
1379,0.8140960063211773,0.4754176080057374,True
1380,0.9074858719453313,0.37213175075203553,True
1381,0.9153578718767027,0.81539779411143,False
1382,0.6086008789262856,0.4191567029096033,True
1383,0.3751719986361296,0.4473725783818221,True
1384,0.8190663548396236,0.5663456465900181,True
1385,0.13169672619997153,0.3761978599160334,True
1386,0.6543869953448752,0.26345947653517376,True
1387,0.5332898910759065,0.0780512563707787,True
1388,0.44996713910307695,0.8425511347426445,True
1389,0.03722637599247991,0.28472378265948894,True
1390,0.32136231127395554,0.763595039018634,True
1391,0.3343792701114974,0.10540956211581143,True
1392,0.07633501814086563,0.5073330422561899,True
1393,0.2484949721453521,0.5379625733168564,True
1394,0.7687877037666536,0.1484120592668049,True
1395,0.6491796653305284,0.5516787408240019,True
1396,0.5821739852554192,0.7944859809536275,True
1397,0.7286373816189052,0.06914517416146893,True
1398,0.8138940710910803,0.6621099200396202,False
1399,0.02121734700156952,0.6253219228750774,True
1400,0.3395068962882103,0.5037161312035456,True
1401,0.5374960414866131,0.8714943991877223,False
1402,0.4390630509079759,0.5911195854262199,True
1403,0.9586107519151293,0.7694011236875103,False
1404,0.5285065566897067,0.3661876430906753,True
1405,0.12106632022401698,0.6419416243724895,True
1406,0.1630590428999652,0.40766506621342957,True
1407,0.9741032131361042,0.2704959182874779,False
1408,0.2593960915888325,0.6400325397617275,True
1409,0.6734671186220326,0.9700174793797363,False
1410,0.4374302746706322,0.37839899071512106,True
1411,0.627100917642494,0.5908389309959938,True
1412,0.22737656811350837,0.38254311719050216,True
1413,0.1264735694035547,0.2251531144636666,True
1414,0.5241088582323811,0.6614552968707996,True
1415,0.371037765989236,0.8380656585120483,True
1416,0.3994090145411182,0.18578019474299,True
1417,0.821757838072857,0.05927669007918224,True
1418,0.2885508833055541,0.3842514104748238,True
1419,0.6189321404228002,0.010355436390643069,True
1420,0.7933169758980338,0.8609858453568835,False
1421,0.9626333468466612,0.0025978886550199753,True
1422,0.9486575905931011,0.1281365438537323,True
1423,0.6421161733304258,0.629944577957263,True
1424,0.03948563698963259,0.6920948889095959,True
1425,0.8229561542154318,0.08790437862505196,True
1426,0.17628722652175421,0.26576981070301964,True
1427,0.9673523215553668,0.7969552648277671,False
1428,0.08340128952250703,0.48960254494157796,True
1429,0.43119049332063275,0.0814126002126031,True
1430,0.5056684264603798,0.9267974543856001,False
1431,0.850747679718324,0.074438775221081,True
1432,0.3426967034673135,0.8932313267560644,True
1433,0.6896009482646879,0.3810874002874308,True
1434,0.7395456960492203,0.6794920100287359,False
1435,0.2660231664414794,0.10403832502395027,True
1436,0.9677566720429891,0.9849922218184484,False
1437,0.27484314556313694,0.9290911517500778,True
1438,0.317388120948468,0.26114192558347094,True
1439,0.4696605905858463,0.9769319682659046,False
1440,0.022573117804990495,0.8666724763604677,True
1441,0.6362589218677067,0.8715451202244153,False
1442,0.9943490052597292,0.6858399170132491,False
1443,0.3407634060971766,0.18596168955609327,True
1444,0.049262400732527856,0.7798576771837762,True
1445,0.5230749979292653,0.15314454256233567,True
1446,0.4193098334275215,0.2558126330924517,True
1447,0.8689051354532581,0.6353318267794145,False
1448,0.9156543344665488,0.84306959435101,False
1449,0.6954906815503479,0.9084592364353281,False
1450,0.8988166137521377,0.7927982436841975,False
1451,0.8187291719461608,0.14048280775388944,True
1452,0.9557239387787523,0.4358298917697788,False
1453,0.6591053456790862,0.4404639332367626,True
1454,0.6390557460509064,0.05520542105540405,True
1455,0.3505294892906524,0.9842908975562796,False
1456,0.39255173651897046,0.0639209729188247,True
1457,0.9728298885591812,0.6829073905037897,False
1458,0.7597459348030922,0.7047589095197595,False
1459,0.5790455053368528,0.8473260304813143,False
1460,0.01956363302440478,0.5587476678317117,True
1461,0.4008054484521226,0.15181701504364487,True
1462,0.3124817718219606,0.5393061412992962,True
1463,0.31992899825451415,0.7370047233656865,True
1464,0.3239533881736487,0.4537594164226725,True
1465,0.8172193972333283,0.03509562709003233,True
1466,0.7984716099449002,0.7577366613591526,False
1467,0.46801943317992745,0.04575369556056441,True
1468,0.6312902506465001,0.061149286282647264,True
1469,0.5950359088235012,0.36086188267706276,True
1470,0.14408273938790717,0.5189819187698429,True
1471,0.5940648335002948,0.11441104197957741,True
1472,0.4011309037290871,0.011227834427835703,True
1473,0.8070178421497773,0.992657981346754,False
1474,0.850953060694243,0.8054169726795316,False
1475,0.29349608210624323,0.2540001614109614,True
1476,0.6062599549108754,0.7441818449161098,True
1477,0.5556391850766295,0.433324374253361,True
1478,0.28236808942731495,0.14400069823458095,True
1479,0.552567889314091,0.801989768251492,True
1480,0.798739006415779,0.5542781189936858,True
1481,0.5960806351413125,0.44567187871009906,True
1482,0.025983213355417978,0.6107986163678052,True
1483,0.1235100623580504,0.1376838392001416,True
1484,0.1978240855895258,0.7296082720402176,True
1485,0.14213485610014498,0.8959361199412763,True
1486,0.5677775534732339,0.449608265824182,True
1487,0.36986561120752337,0.11093019182201369,True
1488,0.44762713075370186,0.44037764549219516,True
1489,0.029694383725145324,0.8918833999466451,True
1490,0.9613027873275144,0.0067324085038160675,True
1491,0.5177069020345665,0.15846603546587823,True
1492,0.9716906836686068,0.36052517478680357,False
1493,0.9307040728096825,0.9993865659095129,False
1494,0.8785837348492515,0.31733089965150685,True
1495,0.8751021705886037,0.8514242117025262,False
1496,0.134754156277461,0.19069817431882397,True
1497,0.015550841329613041,0.5774334628710148,True
1498,0.2459425271373662,0.4582680933136274,True
1499,0.1984492649264804,0.2674094517205897,True
1500,0.7983042683271631,0.5191251814434014,True
1501,0.5634066482718911,0.41710891347877466,True
1502,0.29535335141590613,0.29289348986862274,True
1503,0.9766072315116007,0.1756011225405385,True
1504,0.8352034442231118,0.09185202541448056,True
1505,0.5883832187020738,0.8311704411463904,False
1506,0.9774557351881654,0.6548140818817528,False
1507,0.30700266768848605,0.08077371331398597,True
1508,0.2001059073176138,0.8694569479972688,True
1509,0.3546713167742931,0.9846196050767609,False
1510,0.9044262544253489,0.6766744512711812,False
1511,0.821439274246009,0.29816120805374735,True
1512,0.9191279218928307,0.207468654791219,True
1513,0.5066082038808188,0.12308725042257795,True
1514,0.5325372669169547,0.9995212961440307,False
1515,0.08746621410096311,0.167933940877122,True
1516,0.1454562315557717,0.2345229746624815,True
1517,0.7406515081178783,0.44153287545863096,True
1518,0.8405873801546425,0.36742456963985204,True
1519,0.065966747990987,0.29650385424511383,True
1520,0.08006722606653038,0.9171798157615241,True
1521,0.6540436598032899,0.21793440045509893,True
1522,0.11581572329136547,0.8563052283928871,True
1523,0.8523145290592038,0.6775902547846561,False
1524,0.11148487182819045,0.9525940048424842,True
1525,0.8253639156924476,0.022883963691768483,True
1526,0.7689933898505507,0.38958743273590224,True
1527,0.31419391099953686,0.5262233265474787,True
1528,0.9726374311656374,0.5769935770088245,False
1529,0.027132383316251674,0.8570526708639183,True
1530,0.07441367112494379,0.14877247016225437,True
1531,0.8954137278445513,0.9207258265980051,False
1532,0.5071509213253272,0.33140417413858114,True
1533,0.22300947619302014,0.20518853459651165,True
1534,0.012193186182037574,0.2354117596636539,True
1535,0.7014063569057851,0.7989876875867837,False
1536,0.45798871580199885,0.22497862987681083,True
1537,0.08235349225666555,0.9619550423437879,True
1538,0.12228566450730516,0.7552043328296154,True
1539,0.23098569914366185,0.416390678626287,True
1540,0.2821587857729283,0.48535637792458386,True
1541,0.03329315916776787,0.18757756155567107,True
1542,0.06370217618322505,5.385441261918089e-05,True
1543,0.4250210975159685,0.38698274595564897,True
1544,0.4815946477841062,0.9097047953795347,False
1545,0.4902958657937929,0.023038458244283966,True
1546,0.5146026753862872,0.18858520091001962,True
1547,0.832902056487085,0.16308311672143794,True
1548,0.7261088235979104,0.7798846251677044,False
1549,0.900035583384652,0.9015521132701768,False
1550,0.7514606124155264,0.4434526216836223,True
1551,0.40699556802752535,0.6658348156832947,True
1552,0.838296101612327,0.7995485037735512,False
1553,0.4182522895443228,0.16808594465643878,True
1554,0.5448743530665454,0.5411824189116297,True
1555,0.5183827166893015,0.668040836756459,True
1556,0.16248066503802638,0.5859806349090224,True
1557,0.6849135761979698,0.5786817701067278,True
1558,0.14535146988785952,0.5724204022781154,True
1559,0.3714506767232161,0.495491607958938,True
1560,0.08749060781125018,0.38008912951193796,True
1561,0.7931016709836899,0.32666697343616846,True
1562,0.6004444837102805,0.8088623113995476,False
1563,0.3635873362604801,0.0014169232247915886,True
1564,0.45372883335327174,0.3142913229091199,True
1565,0.9531394595906545,0.6893371128596945,False
1566,0.9830888227988612,0.8084557858113872,False
1567,0.2619302450862455,0.9692798838190513,False
1568,0.08505771474549073,0.9197339248471554,True
1569,0.6747312557398704,0.7259958888052889,True
1570,0.4993453813579384,0.7066300456263106,True
1571,0.2340308580190048,0.07989710285741503,True
1572,0.9163735100918442,0.5076151197436438,False
1573,0.25560545709973115,0.5090421843645686,True
1574,0.456619385272768,0.23068033697232426,True
1575,0.7130143792119148,0.20867095423380078,True
1576,0.3064486323124216,0.843507177604144,True
1577,0.003446399316872184,0.9115885825458262,True
1578,0.7225954160570424,0.7419765332133367,False
1579,0.6173910951991797,0.9904742359231791,False
1580,0.12458607176363035,0.9255330386582026,True
1581,0.37050198813317226,0.8603918586004874,True
1582,0.8018884908937203,0.014779558127480441,True
1583,0.8842987886427979,0.5398917564845493,False
1584,0.8421842479361659,0.2489256841240144,True
1585,0.9133555604122605,0.05148965970493968,True
1586,0.5434504217888492,0.628207541900671,True
1587,0.6821284528935803,0.3637634967411899,True
1588,0.09755077235471377,0.49721184294496545,True
1589,0.17078192266774073,0.2372572696762545,True
1590,0.755560408497754,0.05329797382268586,True
1591,0.7152801760239927,0.6204082092738215,True
1592,0.37613873556160815,0.7130506655202913,True
1593,0.9141072790537659,0.7700321370280769,False
1594,0.02918057462398882,0.2621116412164115,True
1595,0.30092912959425955,0.41869359718551713,True
1596,0.4325101216770817,0.24039629315570354,True
1597,0.0872322470792789,0.9646289173184868,True
1598,0.05209394693649272,0.20728698201454354,True
1599,0.6719735906149125,0.24105251870346167,True
1600,0.28892763858546566,0.4852760077459125,True
1601,0.39506837090898606,0.8894603525625826,True
1602,0.14429505967000378,0.7951026374204576,True
1603,0.06888212323173815,0.4419161461183545,True
1604,0.5941389210000589,0.2271115379423959,True
1605,0.17999792745983612,0.9094456595170751,True
1606,0.3613933282160656,0.742057067508461,True
1607,0.2847043808920643,0.9541559247477036,True
1608,0.7527957938309521,0.7154883072523044,False
1609,0.860642077709349,0.7647419927018878,False
1610,0.6984401340999364,0.8417250128422359,False
1611,0.21288448349620026,0.5764238474351159,True
1612,0.2362705344786028,0.8985740972442899,True
1613,0.261686724288719,0.19460464687417933,True
1614,0.9010242070267125,0.7095663383097345,False
1615,0.7538527864609404,0.2910219232437028,True
1616,0.24005112108277427,0.5216102317138489,True
1617,0.3338927307319064,0.4372759192161032,True
1618,0.9160897086541858,0.41177070789744896,False
1619,0.9769682416581483,0.9369663190789287,False
1620,0.5816077271192673,0.8756267848438474,False
1621,0.005580521906498492,0.7180917036310973,True
1622,0.66817433844311,0.0971876939380727,True
1623,0.7423809268574109,0.9649966611682536,False
1624,0.7789699334237437,0.11432794409631741,True
1625,0.78555774059405,0.186168308077731,True
1626,0.8068483137158119,0.5927542303732035,False
1627,0.12590674085109088,0.5978024245590184,True
1628,0.7186786943571848,0.7837176938320686,False
1629,0.36318756891066095,0.3283020096157385,True
1630,0.3018445672359621,0.5998266925658999,True
1631,0.4526358741624352,0.6104170426118648,True
1632,0.04586382237417319,0.40277286639407706,True
1633,0.9013966824706139,0.1690569546653684,True
1634,0.47281679761320505,0.473179160070196,True
1635,0.5779311856479367,0.8685909856918234,False
1636,0.9094335578862169,0.26106427173728586,True
1637,0.16228824301472822,0.4114929992187645,True
1638,0.8113437410225939,0.3972413913046665,True
1639,0.8066161143470374,0.7920921865662567,False
1640,0.031032013409275083,0.039839510095471264,True
1641,0.16131695246431876,0.7260778498292545,True
1642,0.8769299590639672,0.41025166625419995,True
1643,0.062196779392921786,0.7550846334233436,True
1644,0.802618957162933,0.6823435996174295,False
1645,0.8256248775491454,0.5220339332694759,True
1646,0.5039036884254721,0.262916149891225,True
1647,0.761921131056488,0.4587854358557475,True
1648,0.5444107434177129,0.7182287949169912,True
1649,0.0456705346300037,0.7733585709618778,True
1650,0.7783609445094124,0.9929623574450646,False
1651,0.3072456664123596,0.6800921121661087,True
1652,0.683544483515801,0.7852888931114979,False
1653,0.6704172404307516,0.36872624039810253,True
1654,0.1631137119989231,0.3045640204124933,True
1655,0.6034279328761792,0.33809897472923345,True
1656,0.6821885689162737,0.5868140412550175,True
1657,0.7136449246362825,0.3662055093406259,True
1658,0.9698336799632888,0.8053581201651893,False
1659,0.6084483313349496,0.7521304181089491,True
1660,0.7712737246117795,0.4379076935994286,True
1661,0.34129833432070766,0.8920612501652178,True
1662,0.9922581982240305,0.19009340300966127,False
1663,0.25919136369472495,0.7847281230486759,True
1664,0.7397584307834013,0.0948526199391575,True
1665,0.9512672716336182,0.18287883777759073,True
1666,0.29678636756745136,0.7426552233225647,True
1667,0.645430283009163,0.4830891213873374,True
1668,0.36953279529737304,0.8292152773193,True
1669,0.2907232269695762,0.940871305483779,True
1670,0.5053671189710335,0.352863145419372,True
1671,0.323673513229097,0.6689120508783406,True
1672,0.833797020701425,0.2849037895008275,True
1673,0.8984063256018437,0.10916691794054856,True
1674,0.15573944656055483,0.9600353921047795,True
1675,0.22985880163900974,0.3713115588617155,True
1676,0.670064625935786,0.8501609548174982,False
1677,0.8208627223239259,0.5829557552844861,False
1678,0.7341754959976984,0.5387157121782524,True
1679,0.9762696265372807,0.7476070902299178,False
1680,0.1821184442909951,0.5161155094180823,True
1681,0.7853790287454472,0.7698154859466773,False
1682,0.74641156985511,0.8843192480425889,False
1683,0.3231380962133207,0.39377123794099256,True
1684,0.5461207110819597,0.597111334757808,True
1685,0.7190107756199087,0.8283946224840545,False
1686,0.6343836530286447,0.5624294580725653,True
1687,0.4806284619093436,0.029808555547907956,True
1688,0.6629984233715731,0.08521880608179455,True
1689,0.5994576267204177,0.6249177381464974,True
1690,0.825469676358845,0.9313431880471295,False
1691,0.32726421633163405,0.027649716213787756,True
1692,0.25064389787300245,0.6068541989443823,True
1693,0.8882494326607637,0.354529751578017,True
1694,0.3658971935041201,0.5568931465711007,True
1695,0.18407657953164314,0.8942037346536622,True
1696,0.46766420555856314,0.026194708506563247,True
1697,0.6585427932432244,0.7516625917460108,True
1698,0.35984346598223527,0.7473009267049622,True
1699,0.31000105486089613,0.8618386862160421,True
1700,0.052919214645069323,0.9382066054786677,True
1701,0.2671809617573949,0.26050958511533184,True
1702,0.7795922239687022,0.6801302030236122,False
1703,0.7724188101885819,0.3624046161315596,True
1704,0.32455225247733965,0.8632055696929123,True
1705,0.5224596520479978,0.15863052655515364,True
1706,0.23114474551218178,0.5534228015622961,True
1707,0.9090834911570695,0.24725887007286929,True
1708,0.9444266638212928,0.5266651419360027,False
1709,0.3963794831036973,0.8658347295696156,True
1710,0.5579989688373095,0.5353020772767528,True
1711,0.2073794213425426,0.8595007973711699,True
1712,0.7960009390993695,0.4217341601197545,True
1713,0.11833404824747751,0.3982911471063705,True
1714,0.643524100417856,0.028750311569436637,True
1715,0.5989698479217195,0.12927911268472358,True
1716,0.24655195135057195,0.8628474416140032,True
1717,0.9308441343109792,0.489303805809016,False
1718,0.6782534505713221,0.3791843332373568,True
1719,0.2072213848612653,0.18698348393340147,True
1720,0.30922186013738107,0.7014766782832437,True
1721,0.8189350514238795,0.042595559831112295,True
1722,0.2521718486846205,0.06679894508702877,True
1723,0.9403034008495216,0.07478850692499772,True
1724,0.2530368313848854,0.9221107580295672,True
1725,0.37921652970582853,0.49088293387364224,True
1726,0.3131822707365167,0.5999038872717041,True
1727,0.2332055971432897,0.065639503417945,True
1728,0.26646439196428673,0.11385249429400657,True
1729,0.3757654904076322,0.01913200664749004,True
1730,0.26305853510317645,0.737203320834962,True
1731,0.9730259372531844,0.6039367861411111,False
1732,0.5280766625087159,0.30888541112700396,True
1733,0.2182418341992206,0.8872256732131801,True
1734,0.39972232953804043,0.5318652442720306,True
1735,0.802390969127313,0.5882963716039035,True
1736,0.2800058921298394,0.03411540367343602,True
1737,0.9253512306799031,0.18403888983180494,True
1738,0.9459107605464329,0.002265766824298132,True
1739,0.6561583894879409,0.5618393445419333,True
1740,0.3694569639692964,0.17912102658204032,True
1741,0.9239215216069442,0.13922449357574684,True
1742,0.4462799826383429,0.9305604940558112,False
1743,0.23625827507317598,0.21138439010359455,True
1744,0.6959988641084414,0.26092459255201417,True
1745,0.3722137355450583,0.016844298486058396,True
1746,0.2610530380424192,0.3163977025028901,True
1747,0.6434010417623439,0.9852246803391657,False
1748,0.42097137141544205,0.6786556232246387,True
1749,0.02981045584500075,0.12904658167139016,True
1750,0.7508547856407289,0.5523963619212261,True
1751,0.17353595254606424,0.5867429446803001,True
1752,0.5917236205043125,0.2988332650270159,True
1753,0.12886112464080668,0.9162964156745529,True
1754,0.6061430228169796,0.23236643702227378,True
1755,0.3749221427114088,0.7243366223343146,True
1756,0.14967312525577203,0.6977686541871713,True
1757,0.6453243244095455,0.44675601022537237,True
1758,0.1281174240440326,0.20679465185213375,True
1759,0.9530424371472145,0.3777515932021849,False
1760,0.207024647793562,0.8389853207846458,True
1761,0.8580730961119915,0.8464983955110155,False
1762,0.8895977468207549,0.1725623842449402,True
1763,0.3551056124800377,0.11748788467825755,True
1764,0.6119081807030516,0.8488152921926384,False
1765,0.3111859756915867,0.8179062213339781,True
1766,0.39960253504710697,0.38931613304130064,True
1767,0.14732559044546045,0.2756633523528481,True
1768,0.8809410280562324,0.0113551795735376,True
1769,0.735596129961605,0.9263798591135449,False
1770,0.5194653219417193,0.25114063727500446,True
1771,0.49097891388529613,0.4373897580713133,True
1772,0.5481617056344472,0.9986007010112391,False
1773,0.1735550196323412,0.1321212197210655,True
1774,0.7500680707181895,0.6459432305699339,True
1775,0.05294042146522859,0.7154627579168659,True
1776,0.26118932071241263,0.31441799141576565,True
1777,0.9725871415089241,0.11061022688049604,True
1778,0.4212655952489226,0.6254061301361549,True
1779,0.16365435339911572,0.4846591089143323,True
1780,0.30115778326446774,0.7808718671113759,True
1781,0.22263463944870487,0.7784729602411025,True
1782,0.498453107773984,0.5263231408858812,True
1783,0.7785818175792304,0.9025028922258455,False
1784,0.9502928758553397,0.04708626902637714,True
1785,0.4241914919638856,0.5367307911571374,True
1786,0.7151655162508378,0.6064936372870274,True
1787,0.9238876895348848,0.2778617050780394,True
1788,0.43878529977840586,0.5812926650447205,True
1789,0.5261397966167376,0.457207158260597,True
1790,0.5692338299242728,0.8094121668690919,True
1791,0.2961818851010124,0.6050626127161239,True
1792,0.14559243297823055,0.3613687137562358,True
1793,0.3717965356628701,0.4755950974743337,True
1794,0.6226815981030129,0.8618913421718517,False
1795,0.25889653164756243,0.2843454724850204,True
1796,0.4094626405224506,0.48241331772581153,True
1797,0.3356676241864325,0.898507767437322,True
1798,0.6566413182200026,0.22778368478613698,True
1799,0.5177012211320121,0.709877158003425,True
1800,0.05133792850700114,0.5644323795670956,True
1801,0.38924672763737955,0.6103734766161829,True
1802,0.9138673976846396,0.47898394145959877,False
1803,0.7655174382039988,0.8115922547994944,False
1804,0.5084815342484394,0.513543209435347,True
1805,0.5553728280771475,0.4177093866773691,True
1806,0.9613787238135779,0.8639204970858337,False
1807,0.9978953490086225,0.23738471134202055,False
1808,0.8328083265475181,0.7564887724316002,False
1809,0.24470836683720898,0.4065387051510704,True
1810,0.6124839453489851,0.9297965841197873,False
1811,0.5145080564773424,0.8521757648107727,True
1812,0.5923235266445114,0.032974151079460445,True
1813,0.04229443956500645,0.2762088974856468,True
1814,0.2272135179435364,0.8940189053796074,True
1815,0.4669270087949725,0.6509031279131404,True
1816,0.8360142990674939,0.1254353108298789,True
1817,0.6450057115328728,0.183391866712729,True
1818,0.06109149646912282,0.7907126879490832,True
1819,0.83350851222019,0.5750321610804264,False
1820,0.17495953362622052,0.7044686413242124,True
1821,0.2728607932213565,0.928667917278474,True
1822,0.11661188348398488,0.8428227321524181,True
1823,0.4477209340293138,0.7444408076652794,True
1824,0.8904856607227157,0.10837852940875392,True
1825,0.05283788457386529,0.7908834341886894,True
1826,0.922145952018473,0.23394314557514595,True
1827,0.06076035874576158,0.7494374194252872,True
1828,0.6130413815945288,0.7396501460987476,True
1829,0.8917646470452043,0.38695835205585183,True
1830,0.23310247775823612,0.7657904671760509,True
1831,0.6511253588731707,0.5416223717262387,True
1832,0.060685069577729345,0.8174360034349271,True
1833,0.6264726366745463,0.4297162340541625,True
1834,0.5514625767784642,0.45897506448297076,True
1835,0.6460349343945381,0.16155522905585384,True
1836,0.14140877064084834,0.3969176989784323,True
1837,0.1778267183094685,0.6718833705522106,True
1838,0.20343539503952268,0.3288319865920484,True
1839,0.9442763216004976,0.5636852164169227,False
1840,0.45385296381255413,0.4956300612498128,True
1841,0.6882435106250876,0.5730981650505408,True
1842,0.6172125626204145,0.1317202526574348,True
1843,0.018814726185090502,0.7839466853050424,True
1844,0.8482090244698403,0.0045564148129240145,True
1845,0.9434971862452893,0.12391325019654809,True
1846,0.4838899580356595,0.4373504908157416,True
1847,0.17412931874544757,0.9586611103059278,True
1848,0.45843502693144034,0.5161436208608319,True
1849,0.19929688116375754,0.8653641594241661,True
1850,0.4874820558343026,0.1138319100712244,True
1851,0.6579248805267252,0.7802419899271451,False
1852,0.33131043706996366,0.9803262645895126,False
1853,0.5943575909882274,0.5823624522417685,True
1854,0.5961506203145819,0.5776154529113744,True
1855,0.6291114806609479,0.5949473365766681,True
1856,0.7880161166807524,0.6525674927301448,False
1857,0.56641666019401,0.5512033861077611,True
1858,0.11245739469593263,0.7646391949271717,True
1859,0.9150680988676776,0.20747509614629867,True
1860,0.30751354317077984,0.34093305851820355,True
1861,0.023986430304312356,0.25086599424775435,True
1862,0.9898832096726581,0.5530819341080101,False
1863,0.15037336433568615,0.7467451873092084,True
1864,0.7795199509846434,0.10038807770336056,True
1865,0.2823950631405413,0.3239064667799876,True
1866,0.08358851832567826,0.9711064241897114,True
1867,0.09564486399488303,0.45418811670419756,True
1868,0.09496721891163018,0.703487406022292,True
1869,0.9952295396471919,0.15491219092429354,False
1870,0.7373798015212246,0.8010580924950137,False
1871,0.8503775522333339,0.4110849418836213,True
1872,0.9681128100905517,0.8545828408141616,False
1873,0.9146376818399664,0.574607110781053,False
1874,0.15733972241104355,0.7055348610882224,True
1875,0.6254472224542907,0.7383328158751505,True
1876,0.7239911047917552,0.8703290171755116,False
1877,0.44144400836552944,0.9915846217120496,False
1878,0.9115451696623721,0.03135122187365458,True
1879,0.9142481861208861,0.5871628935772141,False
1880,0.4146808819922986,0.9710369022329834,False
1881,0.5643829874174907,0.0433208074474003,True
1882,0.45721667957174994,0.25405412350360546,True
1883,0.5835063545422468,0.21375586488817244,True
1884,0.036307906323692074,0.16762286420865657,True
1885,0.11973820376592437,0.4043343231217349,True
1886,0.49997504968196693,0.4695160062728523,True
1887,0.7069252663945161,0.3447251069571817,True
1888,0.09387367918008738,0.17337653992387392,True
1889,0.06168461249821944,0.9920087523029252,True
1890,0.95546373897725,0.4415426639776616,False
1891,0.41349432128299113,0.30542627977651016,True
1892,0.09526291690132516,0.9951797755420018,True
1893,0.28657039724838596,0.0702411162225951,True
1894,0.567005442268219,0.17075039194170327,True
1895,0.22262297805083353,0.36881872839886576,True
1896,0.4565189472279556,0.9494364954878237,False
1897,0.6967289403188003,0.7445983217109725,False
1898,0.5131578120985409,0.008440150238667954,True
1899,0.281385059682968,0.8983944741739304,True
1900,0.9554681114138451,0.7518956662905384,False
1901,0.047043127662822815,0.2726246941492707,True
1902,0.06190150168304831,0.42510045270425556,True
1903,0.8995390059535728,0.08929925298487662,True
1904,0.05072809875969597,0.4924772876273996,True
1905,0.13305318013550094,0.28651874730959437,True
1906,0.8959234713749038,0.6239224570394536,False
1907,0.6052228651962085,0.5671015034217018,True
1908,0.8823312559586359,0.38288157045353377,True
1909,0.1276375542242396,0.6080388988152254,True
1910,0.7474250744839838,0.9916286803131267,False
1911,0.5877937688079756,0.595316558145708,True
1912,0.06292904978435099,0.5577229217806726,True
1913,0.5154886647471034,0.2371292505422984,True
1914,0.02655831106877027,0.30370016521338994,True
1915,0.2754363547706259,0.7068516549158007,True
1916,0.12538118626990602,0.7174702145906425,True
1917,0.8997317039047682,0.8032746061547986,False
1918,0.39356276186028694,0.07073212235491144,True
1919,0.24734122252084956,0.9944598570585224,False
1920,0.712667300460623,0.6439319018747475,True
1921,0.7028993011435909,0.9711308201751042,False
1922,0.04298471115322111,0.7325489362381363,True
1923,0.3744660522693668,0.6177144875775785,True
1924,0.304331866418211,0.7551638740215114,True
1925,0.31238367017477175,0.8953027843466422,True
1926,0.4189882315115102,0.8303621956619747,True
1927,0.45983588137049447,0.08250169980430877,True
1928,0.8119496703899146,0.9777343893606715,False
1929,0.6901083371118317,0.21745475486942045,True
1930,0.8517018491184414,0.45884576224686713,True
1931,0.4138087071261798,0.7980685868354557,True
1932,0.445685875134921,0.9449261012056445,False
1933,0.5744182447874826,0.5140168687552147,True
1934,0.9010748096555281,0.3994434519728032,True
1935,0.3912178801924372,0.6935111942823637,True
1936,0.9900169865430225,0.3799853377125353,False
1937,0.24836414832876008,0.6112242286572795,True
1938,0.105750097994735,0.07838604918910774,True
1939,0.5142814710575956,0.19036953729532147,True
1940,0.5082839871353607,0.5952252629519416,True
1941,0.807612199109878,0.8227800407053477,False
1942,0.321863716726146,0.2545439656174876,True
1943,0.3771625380840141,0.3642117379228861,True
1944,0.6010713653618813,0.510393306830269,True
1945,0.3336196030062547,0.35824241317787675,True
1946,0.9749837760155589,0.23890504248929179,False
1947,0.3147410326358605,0.9702768374202461,False
1948,0.029955712588404793,0.6476833434665782,True
1949,0.7064359989956746,0.6235967132185349,True
1950,0.21617222063928487,0.4119150636928396,True
1951,0.46420928638762193,0.6438825245749951,True
1952,0.1784744921059107,0.005060504267451971,True
1953,0.9614809301212245,0.5367629740785255,False
1954,0.9789082091814847,0.6517006591835965,False
1955,0.019285116907382216,0.49797972162701576,True
1956,0.7601632119178292,0.11695482900626264,True
1957,0.8314757863417271,0.802726454415842,False
1958,0.5453616903761622,0.8162972872245117,True
1959,0.6292650085080901,0.9995446435922108,False
1960,0.04819710659348886,0.5855009811215488,True
1961,0.98768013272422,0.5371992705784435,False
1962,0.9249805737829098,0.35965274960295546,True
1963,0.2849941897539007,0.21332173966381118,True
1964,0.17414793156613384,0.3885156262714835,True
1965,0.8095162178331514,0.4714948072948555,True
1966,0.11480031966554405,0.6510268588198443,True
1967,0.0065216354669136445,0.9608197263396558,True
1968,0.7111759032183503,0.5299916687990722,True
1969,0.709025098122879,0.11028115562928664,True
1970,0.4285504220005001,0.3164844462300739,True
1971,0.3606047615003537,0.9086560019992382,True
1972,0.468718070343362,0.1551999057331831,True
1973,0.5581726070293089,0.18886427150193574,True
1974,0.6858027748820764,0.5170909957618309,True
1975,0.12338884477100043,0.40876011965813075,True
1976,0.18368501294438677,0.8976800684312025,True
1977,0.6378170149533188,0.7447982658537975,True
1978,0.7740743123180283,0.18534099930726855,True
1979,0.9770733750206018,0.504382267138949,False
1980,0.12393730510796752,0.6931844351454147,True
1981,0.847645869494518,0.535493906465999,False
1982,0.20165077624239547,0.8269621901590224,True
1983,0.8446110149848279,0.843106716731802,False
1984,0.6095625085429295,0.08555157005367398,True
1985,0.9918741480865596,0.5695699163657743,False
1986,0.30526060230369223,0.44265923423638875,True
1987,0.4635111728607614,0.24958770326411173,True
1988,0.6044550806024669,0.2948589955311678,True
1989,0.6420980099687931,0.9112161258959404,False
1990,0.8160001670177442,0.40463295510002684,True
1991,0.14672966542185029,0.4846338080993535,True
1992,0.3370775195835668,0.40541077515699475,True
1993,0.72622075614458,0.9862476306527973,False
1994,0.9287027811841,0.6973088118546074,False
1995,0.356683305292154,0.9896989465961914,False
1996,0.25521449055052114,0.48951226433665995,True
1997,0.18259924360432334,0.3717101622073151,True
1998,0.923454806761846,0.6025104681758955,False
1999,0.06863366628409728,0.27923003221219633,True
